0
1
1.95185
2.85613
3.5103
4.26615
5.25225
6.25225
7.20276
8.1995
8.33282
1
8.82013
6.02783
0.62131
8.64647
9.81389
9.00403
10.004
10.8108
11.6112
12.4464
13.4151
6.29418
14.1735
13.6696
8.66393
11.49
10.7311
1
3.61732
14.4344
14.9103
9.32193
14.3654
14.459
4.48433
15.3651
15.0471
13.3739
11.2961
11.2643
16.3176
12.1743
15.0206
12.7862
13.122
16.0687
17.3351
15.5478
17.0561
8.35075
17.8905
15.2232
12.2418
11.0297
13.6648
7.52809
3.9679
11.1134
15.7944
0.525349
15.5039
18.8224
13.0612
14.1256
4.64754
10.2452
13.1419
15.044
13.1049
15.7249
8.99222
3.18908
18.7661
19.3962
17.1069
0.710122
7.73615
1.94921
16.1191
16.2942
1.50353
14.3785
14.727
15.1238
15.1782
15.9857
10.0779
5.96973
19.5789
10.475
11.9182
10.6957
15.8096
16.585
17.7181
18.1086
13.0364
20.52
21.1684
21.2774
22.0162
13.1031
14.8221
15.48
11.5098
11.0018
12.7857
5.30157
12.1078
11.3918
18.2415
9.6402
11.5687
13.5699
15.2841
15.6682
5.20422
11.1221
14.9748
13.8536
8.72622
12.2788
11.0695
13.4842
17.1331
5.24722
14.806
13.4303
13.0184
20.8379
11.5944
10.0911
15.9978
11.8207
5.51723
14.0728
11.9784
14.1248
4.93794
16.1326
15.3134
6.86132
23.0171
17.968
11.825
14.6876
23.6154
15.4481
14.8455
16.6624
22.53
12.7841
3.70032
15.6652
16.6778
8.85816
12.0715
12.6835
12.7842
19.8361
2.92148
7.91519
5.32991
17.3166
19.589
20.7449
9.25675
12.6454
10.72
1.16246
11.0251
6.1772
4.65994
18.0111
10.2528
17.3812
7.86451
19.0329
8.72408
11.2559
15.796
5.38247
16.6895
16.2907
16.0895
5.84027
19.2594
3.94604
19.7753
5.96811
21.1931
7.851
15.4372
5.70469
11.9026
14.48
1.34476
15.394
13.7227
10.1002
12.9254
11.2532
16.3815
7.69776
13.3061
14.3925
14.9705
0.598648
16.6545
8.06985
15.146
16.4509
15.1879
11.3029
14.0138
18.2085
4.8569
10.5043
11.5711
18.4994
6.38119
7.98703
6.30984
8.80726
9.60777
8.00098
13.4488
11.5058
18.5434
18.5332
12.6998
17.3472
15.0923
10.3256
13.4977
18.2573
1.70871
11.796
10.5917
15.1665
5.22464
18.8768
5.14824
19.3682
11.9219
15.8826
8.12989
18.6412
16.2721
13.4907
18.3972
20.3681
16.8383
19.0467
12.0233
21.9082
17.5718
20.7724
17.2647
18.3802
17.0881
19.465
10.6439
7.55894
20.7684
19.2109
12.0661
14.7924
8.89089
9.74635
14.6488
16.6051
7.8908
8.59219
15.4204
12.885
6.39108
6.81408
17.2151
11.9022
0.972892
14.7368
3.45992
19.6563
14.7255
16.5658
24.218
20.8789
9.90888
7.95002
17.3102
23.6993
7.42058
19.0955
16.4085
21.3922
7.6587
13.0019
10.6423
9.18056
19.8907
10.4342
15.435
5.8355
14.7806
15.2502
9.47094
9.743
5.33759
16.3769
16.8259
23.071
7.15843
15.9552
20.5232
4.0332
16.5483
20.6461
8.33653
17.0869
18.5751
20.72
4.03363
2.48325
10.6737
2.62133
16.6806
1.2805
13.2569
16.4466
10.4127
10.0759
7.78911
16.588
9.53824
6.33175
19.4441
8.79428
11.4691
12.8601
19.2401
4.95313
19.4947
16.7396
16.7563
13.7066
14.4219
9.96667
1.14587
2.97811
9.96112
23.2902
16.6249
8.06234
9.88477
12.2764
21.6572
12.8982
12.8825
11.2125
17.4094
8.75299
7.31213
15.9734
7.70962
12.9856
13.4498
12.1608
18.1033
12.2269
17.2688
4.37558
8.32299
18.8576
16.8956
21.4719
7.17872
12.8127
16.5956
7.7052
7.9454
16.6748
2.92128
15.968
17.3039
15.5501
15.2061
14.7702
15.9983
20.9722
13.6796
17.0635
4.47415
14.3015
13.5204
17.0158
13.3262
22.9083
12.8156
9.79851
12.0317
10.1222
5.58992
11.3312
15.722
9.96284
14.2786
17.4833
13.5069
8.45943
6.39782
7.19083
7.90178
7.35144
13.6947
18.0748
22.4531
1.29351
8.70854
16.698
11.5114
16.2955
10.7219
17.3459
16.6965
14.8797
5.68016
15.3358
21.2084
21.1009
16.3359
13.4306
12.5456
11.5784
16.5342
1.17506
13.8099
19.62
11.5493
4.30403
15.8957
8.40488
4.25222
20.3975
8.54732
21.6701
4.0108
14.2971
15.7726
15.6771
20.6187
13.8995
14.353
19.0016
3.72238
15.7875
5.45229
8.9719
11.0645
16.1132
10.2733
19.2701
8.05704
6.84387
10.1176
17.167
19.4764
10.4007
4.63323
10.019
4.11744
15.0917
8.02229
15.3138
4.21761
14.7397
16.1579
1.88659
21.9332
15.3221
14.3793
16.3153
20.0759
6.4249
14.9363
12.3744
9.99499
13.0682
14.3303
3.85017
13.7584
11.4704
5.54383
10.5501
4.98914
14.2901
9.24079
5.45001
16.6304
18.0817
5.80585
6.58125
20.0916
15.4808
14.2762
7.34505
11.219
21.7606
17.3195
22.7296
6.5804
2.9572
17.1781
7.26343
9.54637
17.9285
9.54549
18.1968
17.4061
9.43815
17.4863
16.4716
22.4589
16.7223
16.71
22.6551
4.16188
11.0778
13.1373
13.4755
16.0174
14.7026
19.8182
12.6939
17.4027
3.31737
14.6328
12.813
19.9162
10.9669
16.7048
19.3341
9.63807
14.7434
2.5316
16.8504
11.4861
22.2913
18.1155
2.29732
5.98246
19.4973
11.6219
10.0533
14.488
15.8342
18.0318
11.9271
14.4929
13.9316
6.53842
10.92
3.33527
6.47433
6.14112
13.7064
15.5338
9.00061
9.2336
21.9055
6.92089
14.8893
7.32332
23.052
11.3453
4.25939
10.0383
10.5659
17.6878
20.72
15.1906
9.47317
16.7441
17.6217
9.79616
17.715
9.64631
16.1461
17.7844
13.8153
12.4612
16.2765
16.315
1.44774
21.47
9.95824
3.50637
1.38931
16.2802
11.8592
21.7871
17.7259
11.7104
1.10068
20.5291
7.21828
15.5004
16.2034
15.3293
16.2713
4.41319
3.61398
13.3236
15.7088
7.50302
10.4407
7.39829
19.0864
3.49771
0.555309
9.91045
0.914757
13.83
9.40975
15.4057
12.1814
16.4908
1.73041
13.9056
19.3192
15.572
11.9805
17.7466
9.52687
16.6478
9.46957
4.79503
4.54915
3.1734
22.7118
13.7728
10.5187
15.2265
15.3082
14.6254
10.7264
15.0044
12.3601
12.7316
17.9192
1.89713
11.3014
13.8626
9.29039
11.1895
15.9375
9.65987
0.740032
18.1357
17.9086
10.3852
19.0904
14.1271
11.4343
13.3356
13.024
14.2791
11.04
1.58917
19.4142
8.96347
8.09662
19.3877
15.8259
13.8024
16.4232
16.8
10.5578
10.4774
17.3121
3.86927
15.0262
20.8307
13.5337
13.3922
16.7595
17.5544
9.99877
2.42943
20.6807
12.3616
12.9693
1.63456
7.997
19.5328
16.195
11.7456
0.512682
3.83508
9.56357
13.9465
11.3237
8.0935
14.0561
14.0269
14.5981
9.24164
4.68402
9.975
9.24691
14.9483
16.8084
9.30024
0.949076
18.0945
7.78226
17.6547
13.0193
10.7471
19.2673
18.2699
14.386
8.31239
17.9971
16.6263
10.1285
18.0183
7.72463
15.2128
10.8891
17.7688
11.8519
17.2162
22.2807
8.39804
13.6287
1.89214
18.2837
11.9748
5.50697
16.8881
20.3177
17.4817
12.0362
16.7418
17.8152
14.5981
13.9682
10.9647
12.8409
14.7941
18.4052
16.5012
16.4316
7.78117
2.58181
5.6591
12.8988
23.217
8.37492
13.4094
9.77486
18.6837
9.67946
12.8805
22.323
11.9731
11.8803
14.2822
11.9634
21.5203
3.3938
1.0008
16.256
15.6728
15.5387
21.6383
17.8364
17.0463
1.75812
15.7409
7.10127
20.379
13.4608
21.9732
9.71219
20.3848
14.7213
21.4951
8.35484
18.3804
13.8435
6.25903
15.1032
16.5188
1.74575
18.5492
4.46834
17.2627
16.2383
10.0668
19.7597
15.9464
13.3845
3.45326
3.46856
17.4419
8.77391
5.52901
10.1713
7.35038
18.1064
14.0358
11.0962
1.79731
7.31875
16.7641
19.8833
22.7316
3.31995
11.8359
1.10227
4.18301
13.7839
17.5858
4.86529
15.3926
22.3714
17.9488
21.0424
14.4041
20.2922
18.0206
16.8164
18.4815
18.9379
21.5855
3.89283
17.7807
9.28049
6.13485
14.0878
3.74134
8.74325
6.38104
22.0239
10.8879
15.4841
11.2566
8.34378
3.7999
3.71358
16.6353
9.65201
8.17661
15.4307
10.6135
12.5164
14.5242
19.839
12.8198
17.8215
3.62507
15.9577
18.5929
11.8772
4.84272
21.6561
1.11968
10.4014
9.02647
14.1335
15.0185
15.1513
17.7614
10.3714
11.3664
20.0213
7.67586
15.4735
22.8416
20.9079
9.23257
18.6281
9.41771
17.0089
6.16306
1.27475
15.871
11.7584
7.18261
18.7015
14.1127
19.5849
14.3866
19.767
8.33794
3.02283
9.46335
18.6984
9.38283
14.3466
2.05572
3.6149
11.831
20.3046
17.7283
14.5044
18.4309
8.07624
15.3489
20.2807
1.91244
17.9842
9.94301
13.1135
18.7873
14.6342
15.9513
11.7802
2.89105
15.3524
11.3425
4.18592
10.0249
0.559187
17.5037
16.0515
17.4459
17.3744
16.0619
13.2099
12.8403
17.6059
7.53654
21.446
11.0646
16.7255
6.44851
4.04158
8.6504
14.1846
1.64172
6.64273
15.2087
15.9644
15.7191
16.8742
13.8637
13.7485
9.74197
15.9444
11.6027
15.0949
10.053
1.03617
13.4436
16.5475
13.6856
11.8115
1.60033
14.2399
16.6214
12.3597
19.3599
17.6459
13.1704
15.9069
12.9644
16.7299
8.40968
4.04646
9.75943
10.3115
6.58857
12.5035
4.06144
17.3637
18.4484
14.8935
13.9033
16.3397
13.1443
13.7106
21.3487
21.5043
8.77519
4.04523
6.3325
16.6651
18.1978
2.31341
13.5302
9.25688
1.69082
11.9218
1.62456
5.79824
20.5361
8.98524
20.5385
13.7527
16.319
10.2803
16.7298
17.201
13.8862
15.5337
9.30376
9.19404
12.8832
18.6709
14.5161
16.4985
14.2148
10.6827
4.33393
11.637
3.4349
10.8007
13.3522
1.87802
12.5522
16.255
7.11445
9.14905
18.1764
16.7302
14.5839
10.7429
15.3323
13.0007
16.2087
14.7637
17.1034
2.92222
17.3322
12.5469
11.2858
18.4831
6.13948
19.8118
15.4091
19.4506
16.7675
15.09
14.7582
2.41736
12.8904
17.6789
21.2665
5.51562
14.7313
8.441
16.0519
13.3865
16.6727
13.8435
13.8081
11.0462
14.5029
20.1081
19.2335
12.6663
9.5025
3.8278
7.7362
9.51954
14.3038
10.9923
21.6378
24.6766
16.6243
13.0223
11.1797
17.732
14.1065
3.74419
18.5315
18.3048
14.7295
6.72388
12.6548
13.1099
8.13277
14.2438
12.5522
15.6618
15.8308
18.058
9.38861
11.2138
13.9753
8.16263
18.3439
19.0853
4.65381
16.9806
19.4112
6.56103
2.9502
9.31875
9.11473
8.54639
18.584
21.0198
8.87431
17.5346
15.0523
11.3303
7.17492
1.38538
16.9411
8.92482
12.3425
13.2961
1.27808
14.4864
11.9555
8.18015
11.6451
19.6867
11.1456
12.3005
13.711
8.66449
10.4038
5.88451
19.0389
18.7216
9.157
11.7237
17.6273
17.1371
8.82563
12.4309
4.38938
11.9244
20.9587
7.4071
9.5669
15.2109
21.0988
15.6469
13.8283
19.9862
17.2135
16.3344
16.5993
11.626
20.7611
11.1246
7.63081
6.5781
15.6925
19.099
18.0382
15.6316
10.549
19.4811
14.9538
16.7014
20.5499
15.7545
11.7572
12.5496
19.4391
1.00205
15.5522
7.94473
9.67208
14.1797
18.4355
12.9782
15.6925
10.8305
10.1524
10.221
4.93562
15.7973
13.2088
18.1697
15.2357
6.41074
16.0075
6.75685
21.4859
9.79319
3.69004
14.086
10.4383
15.1603
17.7491
7.02112
15.3818
13.6742
12.8132
12.3673
15.4969
5.47216
4.44154
14.4878
10.5446
16.1539
16.2973
17.5762
12.7916
18.7121
14.5886
17.0596
1.70308
14.3325
18.0885
1.41751
13.449
18.2319
10.9888
3.71838
14.7148
15.4181
15.4492
7.15777
18.6491
10.3029
10.7133
7.94443
7.84329
16.4129
14.0993
2.51165
12.1413
14.786
21.3872
11.1369
6.64055
5.54832
7.76668
6.37997
20.135
14.2753
0.519853
14.389
11.1479
16.3503
8.44228
10.6182
16.9692
17.5006
5.66332
6.1776
16.1242
10.0561
15.0096
14.9212
16.8201
17.3679
15.395
5.82069
21.6451
8.55503
5.25999
14.3799
2.11063
14.8619
3.82041
5.21362
8.69665
23.7939
15.6423
5.08263
14.5798
11.2772
12.5118
5.16851
14.3878
4.99671
12.2333
17.5934
14.9271
1.05601
9.24609
13.3488
15.6721
12.6916
21.8513
12.7037
14.4292
10.6819
8.54633
17.843
6.68979
10.9149
21.2739
8.6681
14.4194
7.66674
7.33189
16.018
15.3045
20.3301
1.90509
2.88824
11.9569
17.3129
7.50996
18.0092
17.602
18.9823
12.5575
17.6876
5.97038
10.3379
3.42962
16.6779
2.4482
4.68794
9.73411
22.2307
5.73898
11.8917
17.2306
8.62534
7.58764
10.8655
15.7633
16.5523
0.80069
13.0091
12.9599
18.0591
14.6071
14.0275
4.21651
9.60118
13.5602
16.1942
8.8095
14.1416
18.5208
8.48099
5.81986
17.367
15.8754
5.46056
16.1268
20.6708
7.54629
17.7104
13.4187
8.05032
17.8633
3.75083
1.42252
12.3614
21.6739
1.71332
11.1947
15.3351
17.7065
2.50582
17.1904
12.5614
15.689
17.006
2.17136
10.5125
12.5972
16.8853
5.0519
11.398
15.2523
18.6952
18.6232
22.4879
13.1286
7.28547
13.6157
7.17383
19.6233
21.2857
4.78413
14.7231
13.6867
7.9283
19.4653
8.62408
14.7978
10.8534
13.5048
12.9858
16.2943
18.4668
17.2317
13.0302
13.5896
10.5672
6.54506
15.75
19.8684
19.7499
4.11454
1.7693
20.6417
10.3722
12.9174
4.96866
17.9966
9.79142
13.8895
7.24345
14.4944
12.8832
9.95624
11.8017
8.50175
19.7442
16.0605
16.8134
11.8869
14.587
12.4178
12.9885
10.9602
11.3601
8.78552
10.2917
18.8135
19.5541
4.97687
14.5252
15.3165
13.7186
19.5193
9.9912
14.908
12.3099
5.48378
9.87247
22.0026
12.1901
15.6567
16.4117
3.81752
9.87671
17.0287
14.8673
10.1631
13.9132
14.4061
14.3865
22.8612
15.5255
22.8092
16.6245
14.4015
16.6105
14.7026
19.2838
12.9728
9.12912
12.6245
13.1251
21.7391
12.5314
24.3971
23.101
19.3366
15.3043
4.35726
18.7528
8.95586
13.2723
14.462
15.8908
14.6869
12.871
15.1073
4.46056
12.5231
12.4227
16.9844
18.822
12.5513
17.9003
9.89714
13.3342
15.7528
10.4422
3.02878
20.0059
13.1793
18.1177
11.0579
15.8795
8.5283
20.9524
13.4806
1.7278
11.2978
9.67567
15.4114
6.50237
13.4644
8.79353
1.42787
8.07681
0.319401
17.9489
11.0884
13.0024
8.60904
9.80622
7.91018
10.8677
13.4775
13.9525
14.734
16.7942
18.2949
6.3562
10.0938
6.20039
18.7333
16.9572
5.25675
16.9922
12.2689
14.1307
8.33945
13.9359
12.4368
1.41401
17.8606
14.7628
1.86473
18.7147
11.0255
13.5721
12.1823
5.61156
8.24901
20.1648
2.76287
15.5815
16.5351
7.22625
18.5657
10.9972
6.91066
10.7151
7.73717
1.25433
10.489
13.4663
10.4435
13.9335
11.0652
15.2201
13.2895
17.8358
15.7372
9.26096
12.505
2.28105
11.9538
11.6484
15.0998
12.9262
16.3982
9.64656
16.8775
3.84318
20.8208
11.5864
17.2722
8.6167
10.4311
8.82254
12.4432
17.7967
12.8995
4.25258
13.2684
17.1772
15.9789
6.94175
8.02419
21.1693
20.6361
7.93978
12.4085
15.2363
17.2178
16.8669
6.25332
12.578
17.203
1.4989
15.6625
20.2758
6.29125
20.9797
7.59098
15.6197
7.04433
16.5744
16.9471
22.8564
6.42446
16.3749
9.69703
3.32748
16.0237
13.7358
18.8533
8.72673
19.5712
17.5507
16.7986
21.2109
13.1421
19.612
13.3332
6.87652
15.232
8.12254
16.0178
6.06002
2.07055
20.6519
20.2847
17.6309
20.8461
17.9295
15.3459
13.6414
3.69743
12.8798
3.66443
6.84877
17.4038
15.0166
11.2695
0.396924
5.90363
19.4326
12.0418
18.3612
9.29647
14.2657
4.66003
13.0076
15.3351
22.6476
18.6706
12.7915
12.2313
13.2381
6.99958
17.5266
15.6104
8.92129
12.922
13.3869
3.90065
17.5282
4.8526
2.85015
10.9649
16.1561
12.273
4.51994
15.9623
12.2754
6.31903
16.4885
7.16207
5.64224
14.5779
16.7575
11.83
21.0277
14.2244
9.06446
16.6422
8.19137
16.8483
17.9187
16.1889
14.4314
11.5688
10.4543
17.7541
16.1548
5.06117
17.5775
5.81227
11.4159
12.7426
7.61778
22.0529
11.0833
16.1544
15.779
15.838
16.0496
7.12744
16.68
3.41449
6.74019
12.5285
17.2044
18.8794
5.74489
13.7532
6.91826
17.9206
12.9144
13.38
1.32031
4.81998
10.3469
20.4864
20.7728
14.5846
3.78537
2.3257
7.15826
10.0517
9.73547
4.74498
11.3068
22.097
17.4391
3.86428
7.65912
21.7643
16.5877
17.146
17.0824
3.78171
14.5446
13.7887
16.4245
3.3309
13.3277
13.8839
3.1805
19.2802
2.12719
13.4737
7.67645
5.22988
6.32722
12.3411
10.9454
15.9423
16.0112
15.6185
16.9152
14.9886
2.33017
15.0395
20.3511
6.02651
7.95374
12.7311
12.4741
17.8525
16.828
11.0207
9.9114
17.1022
12.5883
10.6247
16.1753
13.0686
12.6179
18.3904
4.8789
12.6519
14.2141
17.6984
20.7394
15.2297
17.0503
16.1646
22.6178
9.55195
17.7253
12.8889
18.0173
8.68155
7.43668
17.6581
13.6503
7.82713
21.4967
9.26066
7.04571
17.3233
2.04123
8.28053
2.72283
12.5876
8.88911
9.71349
13.1789
8.77994
9.54963
13.6549
16.1747
16.2778
14.0744
10.1169
14.4422
9.61328
2.56567
15.1689
8.05103
8.80617
15.704
13.2346
4.58839
16.1513
13.6546
17.8728
16.1998
14.2902
5.94578
17.9054
8.34501
4.96521
13.1716
16.5385
12.8476
13.9204
22.2516
11.9899
13.1608
19.6577
15.2907
22.6454
7.75803
12.9343
4.60422
3.69273
8.18312
3.05728
19.564
14.1519
12.5935
11.495
20.4822
13.5149
19.6135
22.1619
9.93919
14.6406
5.9295
16.6968
9.82689
13.2098
12.6118
13.2439
12.0005
15.1808
8.44055
3.09324
15.5183
6.91961
16.0112
14.6235
13.2043
19.7085
4.25783
14.0758
15.7548
7.1161
1.32802
21.7112
15.1637
11.5774
12.3291
4.43256
9.25855
10.6874
16.2402
17.2861
14.5171
2.22515
1.58895
4.50221
8.69147
8.13
17.621
10.0165
15.5492
6.91911
15.2233
20.1164
14.766
7.07429
19.9623
16.2563
2.02938
12.9169
16.289
15.1388
9.72602
15.7558
16.7965
11.2145
15.953
12.4135
12.7413
12.5793
19.4846
9.3749
8.08472
17.5154
21.1068
13.8857
5.43139
14.3721
17.5713
17.4118
20.7386
15.796
3.2833
14.3721
19.2562
11.1419
1.57195
19.3464
16.3691
11.7209
14.6911
14.8828
14.0994
17.1574
14.8634
7.8293
9.41493
11.1447
6.30357
8.08624
12.5874
14.2358
10.3832
6.04597
10.5582
11.8789
11.8635
17.6008
17.5731
15.4805
16.5671
12.2314
5.79167
16.2151
18.4196
16.1889
20.6141
3.19735
11.2358
21.3289
17.7091
10.0841
4.45372
10.2564
10.6446
5.48164
13.7519
9.62029
7.14773
10.8069
18.6651
16.8308
23.0034
15.1978
6.47209
9.58228
19.0709
22.805
7.68727
8.1166
12.8143
13.7251
15.8743
19.1428
9.82702
8.98176
12.0374
18.0813
10.6025
10.4616
22.4065
0.375877
5.98349
9.11565
21.9632
17.5336
13.8279
7.6845
17.7425
10.7092
17.2404
5.57106
11.5737
20.1809
8.59082
11.6916
14.0248
13.0964
19.8119
12.9613
10.5374
13.4001
4.88455
17.9249
3.05392
17.7815
1.86766
17.3039
13.149
18.0343
4.41573
17.8023
21.3707
4.28129
17.4847
6.75402
13.8642
16.5339
11.3021
9.31042
12.0629
11.6923
1.27496
18.1953
15.9247
10.3265
5.90305
17.0536
3.05743
9.76221
12.6354
13.7839
4.41539
9.27459
10.9609
14.3565
16.4661
7.72386
10.673
16.814
16.5776
15.4629
9.56634
13.1
17.5511
13.6878
20.7838
1.17086
13.6433
2.68022
19.1518
6.3836
15.1943
23.856
16.5797
13.0554
16.9331
13.9556
6.98616
16.5397
18.0659
17.3316
20.381
8.96291
15.4324
10.9584
7.46866
24.5125
15.3489
14.8576
8.72743
13.3253
4.82384
7.30832
0.681386
16.1247
16.5196
17.4974
14.4062
17.4407
11.6662
18.7832
11.9428
12.9974
10.6027
14.4761
16.8331
13.922
14.9423
15.1762
20.2832
16.5533
6.18864
12.2757
7.82613
9.93537
16.7896
13.6605
17.7283
12.7076
19.1861
16.5063
10.8858
6.05469
20.9085
3.50972
13.1445
16.388
5.32207
11.2993
12.1279
16.8392
14.5574
16.943
14.8433
15.3617
13.0606
17.8601
15.2813
19.0746
13.6648
5.7396
15.2231
8.82628
11.937
17.6889
9.09481
14.8533
17.1432
14.2021
6.33545
15.9601
13.537
7.58852
5.12975
8.91718
14.5671
15.951
22.3112
5.67309
20.5284
15.6488
7.76195
10.9657
6.3322
1.48837
5.43665
17.8905
14.7447
10.269
10.9422
10.5377
12.7033
22.3262
10.644
14.2068
21.6657
17.438
3.71932
9.05304
18.0868
2.2379
16.1133
6.06269
15.8931
18.0935
14.562
23.3339
12.3568
18.656
8.70519
7.17448
9.28365
1.53199
17.4347
15.3426
8.88103
2.48293
15.7407
10.6345
15.3434
9.47436
3.89561
5.01121
8.12947
12.3785
3.03793
4.81797
5.01079
12.2439
14.8009
4.53424
10.4024
17.2596
14.1944
3.68177
9.51282
18.0155
18.7093
0.882361
16.9056
8.43591
18.7497
14.3165
17.4966
8.75895
16.8139
9.14962
18.2714
17.0432
4.86953
12.2377
19.0683
11.7615
12.5208
1.2077
4.11246
7.07371
4.27981
19.1785
9.22189
8.81519
8.86244
1.1461
14.4296
15.2065
15.0481
15.5239
9.85034
18.6931
10.195
16.0139
17.2826
2.08157
20.1475
13.0053
13.6099
20.4897
3.39608
17.8191
15.3704
10.7924
12.6013
14.8569
10.2294
14.3768
16.2687
17.6333
19.4473
18.5434
8.80808
5.86599
9.76047
12.0278
11.3231
11.5287
8.71853
14.2742
10.106
12.1203
9.44619
19.1835
12.0045
17.7388
19.1168
4.89166
6.77384
18.6961
13.9434
17.3453
9.26856
3.1388
5.76957
13.9383
17.2054
4.44537
13.6175
15.7803
13.0906
12.3632
7.73421
8.90385
11.6504
16.247
15.156
6.23249
20.6819
9.21689
4.2889
17.5869
3.65566
12.5605
12.4632
11.1917
15.518
20.1124
5.34436
11.456
9.08898
8.55197
18.8056
14.3878
13.3853
11.6796
19.9656
9.90846
21.3888
16.8334
8.4305
12.0759
6.15817
12.3417
22.3683
18.8731
8.40434
17.399
10.9241
17.0821
15.7586
16.2608
12.1406
9.56635
17.7012
15.4779
6.30492
13.1131
22.5127
22.8132
14.8795
9.30016
22.2306
9.52696
10.773
16.6069
10.5375
16.7312
15.7596
4.69448
12.3212
14.6813
16.4434
15.9824
17.1575
21.7487
14.5395
16.5644
12.5994
6.64307
17.0263
20.3866
20.1419
3.58571
14.8675
19.6318
13.9453
10.955
13.5653
9.2335
4.8843
5.60258
17.4513
6.29136
13.9122
16.4546
11.9039
15.7346
11.3527
10.2081
21.839
2.46713
16.1495
12.3787
9.6037
11.0271
14.9926
8.60251
17.806
3.86398
13.1653
16.08
7.68892
10.0581
7.47954
11.6269
16.5897
8.98815
11.8377
22.3427
10.6627
16.0941
20.3386
14.3055
13.8718
17.1982
2.81046
11.1889
20.0952
20.1597
14.0855
14.7628
7.63452
15.3133
5.51179
17.1875
16.1138
9.74255
5.31464
13.2067
17.4284
19.0036
16.6478
17.9056
20.0272
7.59389
15.5384
12.7843
15.125
19.6864
18.4546
21.505
12.3154
17.4044
7.62673
16.7945
13.5253
15.6844
15.419
17.3393
11.6346
11.6469
9.52841
19.1834
11.4718
12.4904
9.17852
16.479
19.6482
13.5315
8.31277
15.1362
15.1039
5.78272
8.38899
17.7354
17.3318
0.811865
7.62231
14.2957
15.0991
23.1853
18.0768
5.26274
13.7073
9.57555
16.9905
11.8797
10.615
17.6564
9.29902
13.6961
17.1991
1.74978
14.2694
14.0029
16.3949
12.3631
19.4166
16.6884
8.5913
2.02856
3.32482
14.5366
14.2441
2.95056
4.28107
16.4592
5.66114
0.18107
6.23676
15.9825
14.8127
7.70189
6.77463
14.4129
18.9784
12.8442
15.7448
7.93479
19.7325
17.9456
22.2442
13.2107
11.7254
8.61402
13.2854
18.1334
7.6587
19.0754
11.1557
10.4725
5.59589
12.2771
2.79284
6.90267
23.8226
22.05
22.8355
19.1736
19.9392
14.0119
11.6991
18.6963
8.43324
22.9206
11.3506
17.6797
10.3436
14.8271
11.0429
15.5947
16.5281
5.22198
17.269
7.58682
14.7545
3.02407
17.5305
3.33796
6.58268
12.0008
17.3038
16.0097
13.4272
10.4919
11.9504
9.33175
3.76124
14.9211
21.9794
19.5678
7.62652
17.3966
1.43823
12.655
11.0504
7.54886
15.5883
12.007
2.18342
8.73524
10.7471
18.0559
7.4407
11.9484
1.58016
0.781505
6.70693
3.12507
9.70131
15.893
14.568
18.3218
11.2359
8.77075
8.51061
13.5309
19.5106
14.9619
12.4208
17.5314
15.7472
17.5566
20.8428
0.886602
10.6986
5.58412
18.5308
2.25585
16.3085
22.3241
20.8697
17.2129
10.7689
10.5975
19.1052
11.4734
10.9861
20.0273
9.13715
17.4453
19.6767
13.4603
3.94636
10.6411
19.7807
21.5365
17.2672
14.9243
16.1698
9.59393
14.2349
14.4114
5.41554
4.93295
9.5535
17.698
13.3624
5.93573
7.00806
15.6713
12.7128
20.9127
12.775
8.29993
13.1766
20.5048
13.9971
5.40215
1.03491
16.6021
10.4526
14.176
12.9597
13.3523
13.9777
18.5228
17.3817
13.1857
9.48783
1.47078
10.6425
15.412
14.332
13.8189
17.4374
3.69283
5.31455
15.7929
14.4823
13.2557
14.4335
8.98728
16.5203
7.78067
15.5135
7.51719
16.9931
12.5568
18.0185
15.4243
16.7475
22.5235
15.6943
15.4935
9.75554
17.3127
8.59392
12.4595
14.7656
11.9426
20.346
7.29307
11.3018
8.82062
16.8337
12.1805
11.3288
11.5093
5.65998
17.3535
14.7807
1.06963
14.7366
22.2335
12.5552
12.3805
4.1701
15.0814
13.5071
17.5968
10.2905
16.22
17.2836
10.1735
13.6591
5.42541
14.7424
1.00316
17.1499
18.7047
17.5312
13.7927
16.3186
17.3943
3.80447
10.1441
17.828
19.9072
19.3882
5.77867
5.48358
7.86365
9.12382
7.60238
1.44428
9.52188
20.5443
5.3816
14.7784
7.97782
10.7504
4.83057
4.46298
11.736
20.8489
16.7207
1.39763
2.74253
7.52589
19.0124
15.9374
2.55
12.5357
15.5214
14.352
10.7897
8.81908
17.5101
10.7368
8.40783
9.51864
15.4717
12.7458
10.0946
14.6433
6.33558
12.1565
6.95018
12.9662
1.32874
8.37729
16.4851
6.35699
16.8403
10.6604
9.93229
4.02307
8.44909
20.1174
14.437
2.04145
12.4408
20.278
6.01419
16.4068
13.7813
5.33741
11.7463
17.0316
7.1439
7.56129
15.8799
10.0661
9.63928
14.6915
7.63433
17.6279
17.4793
15.7443
16.4452
8.49374
22.391
5.29704
7.62441
9.58406
4.13531
16.2346
18.1215
17.5315
7.77813
1.97664
19.5629
18.0375
14.5622
18.9285
14.0831
9.57128
7.1172
11.911
15.4688
15.2679
4.49069
9.20453
8.27075
16.277
6.63786
10.5155
5.29367
4.41098
9.08419
12.8759
19.7142
10.6769
7.40269
17.2642
9.71123
13.3222
15.1386
5.00279
15.2796
15.153
13.1881
16.6438
11.0927
10.2531
16.9028
3.65563
15.2903
18.132
11.937
20.6822
15.2488
14.653
1.65579
13.552
13.9608
11.4391
19.7741
6.19048
0.955027
12.038
10.1804
6.16997
10.8206
13.5474
13.9744
15.9847
10.7866
10.7821
12.0573
14.0278
15.446
11.9107
14.0837
14.6639
11.1486
16.7821
1.63357
19.4952
14.9183
1.40719
19.2482
12.159
17.4389
0.544825
18.3661
14.8424
10.7757
5.22627
16.4612
13.5115
15.2573
1.4265
16.6312
4.69551
12.9286
8.57792
14.056
9.89634
6.49494
9.68155
5.18025
12.9136
16.9448
1.53343
17.0507
7.43135
9.07457
14.754
20.2376
17.6926
3.18693
8.4421
10.0494
16.3941
14.5761
7.29769
14.3993
16.177
9.56021
13.013
13.2601
4.97136
15.3687
16.2276
8.81578
6.58384
13.1247
17.3045
9.42602
16.3448
16.1461
10.8164
18.7547
8.52665
13.3087
12.8936
19.6332
18.096
14.2872
3.53128
11.6746
11.6765
7.31549
13.9919
20.1223
7.84563
8.75598
11.8248
4.94983
13.918
15.5512
6.91683
11.0895
7.96488
14.297
12.357
20.4914
16.8503
17.4912
19.8267
12.1428
17.2337
11.9341
11.9214
9.30873
18.5908
14.7887
9.4041
3.17943
15.7341
4.04771
18.0571
13.7256
8.67634
12.323
12.8649
9.29185
15.7664
13.2875
20.6675
8.41405
10.3317
14.2051
13.1256
11.6781
15.4168
11.7459
13.2329
17.1141
15.5741
15.2834
9.08737
9.88329
15.1486
5.91784
14.7207
3.22367
17.2206
8.51353
13.712
9.62234
13.4022
1.96671
15.6601
13.4182
15.4466
11.7141
9.19208
15.5038
14.6718
16.3631
10.055
20.9598
15.3624
6.83032
16.6785
10.1471
13.7544
5.65254
11.2036
15.7385
23.1484
5.98677
18.066
16.9764
3.50194
14.4354
17.8258
11.219
4.10489
6.51491
6.21639
17.5849
11.7188
20.344
10.662
17.5701
16.8566
17.7426
14.5898
5.57817
13.2171
4.42117
17.047
4.53095
15.8805
2.4681
14.8952
10.4579
12.478
0.761273
3.72731
14.4707
18.7817
19.7744
17.0794
7.96367
7.59379
18.8819
12.7457
11.9968
21.0735
15.0593
2.11557
6.58985
14.4016
7.83205
12.9819
15.8536
8.61623
2.97709
14.8437
7.43026
15.3631
15.5466
20.5739
2.48682
14.6636
13.7922
8.00241
17.232
16.6717
15.2157
16.9716
13.5795
16.304
15.725
11.7089
20.486
17.2263
14.2748
15.0701
13.6776
4.72749
17.291
10.019
4.34619
1.2249
3.17033
9.75817
18.6068
13.6839
18.6739
12.5468
5.68077
17.8186
18.5501
15.243
22.6302
20.3635
6.79982
12.8854
8.17727
19.1097
6.46826
14.3318
8.99342
8.29858
7.39881
13.8355
8.15056
4.2843
16.2231
21.6242
5.59821
5.68863
21.2642
2.79844
17.254
13.3378
20.4364
4.33205
16.6788
20.5991
2.66646
17.9678
16.7875
15.44
15.2218
8.44865
6.29223
13.2953
10.0395
16.2306
16.0757
7.5717
15.1125
17.663
13.2095
11.3276
11.4908
11.6012
23.7474
12.9467
8.18193
12.4914
21.0342
15.5335
12.5861
12.9513
19.9614
22.4707
18.5146
17.7545
14.0811
17.1603
6.16295
15.0147
0.968704
15.01
16.7292
15.7841
16.3766
13.1406
14.0107
7.19286
9.6214
22.7874
3.24669
14.8153
13.3147
16.4829
1.56749
16.6566
18.1308
16.8234
12.9176
10.7213
11.8386
22.8413
3.58518
14.8645
7.30066
14.5921
8.98432
11.2342
9.28204
12.3683
10.8827
15.5986
11.3834
11.4917
18.7333
13.6535
14.5701
13.1046
20.3977
5.62982
17.1952
13.5003
12.0004
11.7338
17.299
15.196
15.9519
13.8583
13.2973
8.01774
8.31833
13.8513
7.31075
8.68498
4.55437
20.4246
13.5933
19.1885
14.8615
14.1136
8.018
15.7762
6.69702
11.9988
7.91927
14.768
21.4468
5.71511
6.24607
18.4306
3.06937
6.42492
13.3529
3.737
20.105
11.2882
6.58545
9.66131
0.795868
15.21
4.3754
5.95791
15.9542
20.0258
15.0518
15.4365
5.43591
3.23984
12.1671
8.48314
14.7664
16.997
16.1998
24.2154
12.7524
15.4019
19.6403
11.3533
7.14034
14.0478
2.92302
12.662
0.588796
10.7316
7.39113
11.0492
16.3934
8.91818
23.4949
17.3971
14.0566
18.1688
16.0186
2.21329
15.1589
12.6992
19.6793
17.1903
13.6973
17.671
17.4478
18.3531
17.4619
16.8934
12.543
11.5392
15.875
8.27788
10.1772
16.2749
20.333
22.087
13.9812
17.3792
11.2179
17.669
18.5494
13.9902
6.08065
10.1774
16.4258
23.4159
15.9531
12.8924
17.9912
19.453
9.32934
13.1651
16.8393
13.669
16.7209
9.81474
18.7209
19.3026
12.4942
9.20695
13.2263
17.4018
4.91071
17.0462
1.49251
6.73647
15.5528
16.3063
13.5686
9.33863
10.7889
13.1919
10.4372
8.62264
12.2091
19.777
17.0048
11.8158
18.3447
12.4546
12.3787
7.57275
13.5717
8.24152
17.4032
16.2574
3.38818
22.9611
15.8778
10.7216
16.0595
15.9657
10.5136
16.8567
15.0953
16.857
3.02751
1.15704
15.0475
18.408
4.74802
10.7685
10.2319
12.1667
0.656879
14.7469
20.9208
8.25664
15.4634
13.6398
12.5873
18.0626
1.92813
14.3242
11.1412
1.98281
20.7784
22.7341
18.1235
10.9876
17.9504
14.3514
7.85517
18.0912
6.23237
15.429
9.13525
18.6511
17.0393
17.8832
11.1118
10.0277
14.9893
4.36403
16.6189
11.47
6.89235
2.07279
17.3799
10.1165
1.67255
8.33896
19.8446
10.17
21.4236
1.10105
14.1816
23.1152
12.2297
15.4788
3.14495
11.4202
11.2268
20.1154
3.55897
21.9369
14.2255
14.1489
8.92365
7.73876
10.4142
15.7451
7.31854
17.9401
19.8004
6.97529
8.19791
15.8472
14.8669
8.16236
8.85598
19.9346
9.76552
17.1849
14.3094
14.0099
3.30827
6.71162
18.1335
17.2246
8.01984
2.77495
9.66975
13.07
15.5214
21.0623
5.71176
18.7044
18.8534
2.50631
11.6124
10.5878
10.3657
8.91344
12.7441
11.8426
20.8041
14.7306
17.5843
14.453
17.1511
16.0841
2.66855
10.7174
20.746
8.7212
11.4042
6.80367
11.4754
15.6861
17.7402
16.6214
15.8184
11.6503
11.3484
5.11097
15.076
8.98425
9.66776
13.9921
14.3046
12.8323
9.29355
9.15988
11.1814
4.67898
4.12204
12.33
1.21825
3.09218
14.9174
14.9214
4.22039
14.9477
9.69026
16.1904
16.8646
6.47995
20.2834
8.59245
22.4836
22.1265
11.1694
11.7442
21.8734
1.44066
16.9507
8.90051
8.6554
17.7748
12.6832
10.3232
1.5226
9.61309
3.53241
8.15451
20.0092
9.56364
8.80043
16.8637
19.9544
6.44614
16.9299
13.129
14.3172
12.9875
12.0151
15.3231
16.4731
19.1198
16.4925
15.2111
18.0776
14.4466
23.9387
13.4358
14.6977
7.39317
19.2884
7.80581
5.59915
15.1232
16.1043
12.5038
11.3023
17.793
9.7102
14.9919
5.96237
21.2984
19.2259
10.5382
13.4775
11.5102
16.3662
16.4011
13.4155
10.4025
16.2698
10.17
1.25484
16.1504
11.6516
4.46404
6.51193
11.6645
19.4192
18.5627
12.0789
16.0535
14.9524
13.2056
1.51885
13.2619
10.4329
11.94
15.3672
14.9516
21.5271
12.1331
10.6354
10.04
19.1854
8.90978
16.3807
13.2687
13.6366
15.9652
18.2551
10.8686
20.3918
10.3156
5.87305
11.0874
23.5061
17.7462
15.8435
16.8071
19.0583
18.5774
6.44423
15.9172
13.5111
17.7523
1.60413
5.22145
10.5232
18.0715
16.4611
19.3232
19.2919
9.83744
3.89558
3.84011
10.5058
17.1668
9.2596
4.79339
5.91577
18.0277
1.67282
16.3092
16.4581
17.4322
14.0688
20.7522
22.817
9.96413
7.08279
19.1611
14.5665
12.9491
14.5007
16.4441
13.4354
1.24811
15.7811
6.5749
14.4318
6.6961
15.4931
17.5195
18.8969
11.3836
10.7281
11.5654
8.30474
8.49852
14.3326
2.94826
12.6435
1.82705
17.0222
18.415
5.55352
11.0087
17.7705
18.2476
7.57431
19.1909
2.54026
11.2579
14.3928
11.9567
17.715
16.4157
4.32979
14.3956
21.4661
7.68522
17.8072
5.95317
13.6006
6.39744
10.7759
14.1394
3.86836
16.6529
18.0382
3.58239
17.04
13.8476
14.5933
13.592
13.6576
4.64312
18.2674
13.2455
14.7427
15.5137
6.54518
18.3786
1.91639
12.0591
17.066
18.6326
12.5604
8.83604
11.8559
3.20001
18.2488
17.9864
14.3258
12.43
9.98376
13.9645
13.2982
19.2074
3.15429
11.4856
8.38977
17.9524
19.4348
4.8648
11.7694
7.38809
21.9185
13.6245
20.4824
5.84118
16.3031
14.724
9.93379
18.8389
12.8931
9.11021
15.3402
15.2255
15.3497
5.13909
12.2777
8.3697
7.80013
13.6208
9.80005
9.43453
17.3314
10.9463
11.2686
2.51435
18.1284
9.09566
7.32931
22.5273
14.7435
7.00505
9.50989
20.6715
17.4864
1.60189
10.9603
1.57856
14.5873
11.2766
17.4005
8.49405
12.7538
9.50745
10.401
14.2528
20.6992
12.7572
18.1712
12.9222
7.69145
10.5438
10.5065
19.3657
8.19286
12.602
14.8618
6.29087
22.6285
9.7452
13.2887
13.9417
10.3722
13.5852
13.3463
19.8854
7.38026
16.2313
6.2619
21.5882
7.87809
9.01355
20.2384
9.96186
23.0681
15.5713
14.1706
8.34378
5.85602
19.4687
19.6218
4.72399
7.23998
20.6057
5.9059
23.6356
12.4538
20.2172
12.1568
19.8397
3.73354
15.2941
13.0668
14.38
1.50244
10.6354
11.9875
15.7723
7.35762
10.1711
16.4744
16.9123
12.4568
12.9408
16.55
14.0162
11.9538
7.13128
15.2474
7.81524
21.4306
19.7597
4.77165
19.4576
16.6793
17.5395
8.83481
11.5284
5.45541
10.6743
12.3993
1.49
16.6198
8.79621
13.6686
15.5027
8.78816
6.81079
10.6877
8.94361
18.6957
17.8443
17.7564
6.23216
9.69619
3.0967
21.6931
10.8817
2.89155
11.7551
6.70752
7.80212
13.0766
20.102
10.349
19.5829
3.01901
14.2319
17.0576
22.0347
22.5391
9.796
16.3991
9.43256
11.8373
17.9101
10.0428
20.0015
5.0627
18.1299
14.0759
16.5426
12.8077
4.15555
16.562
11.3132
8.9515
7.71933
17.2782
21.6033
9.88227
4.84956
4.78252
17.183
11.8138
4.9094
10.4319
14.6316
13.33
11.254
11.0056
14.2325
16.2416
4.47766
15.9511
9.58679
11.4325
10.3059
12.7909
15.7229
2.3021
13.7815
14.3702
10.1224
7.44981
11.3525
17.1763
13.1134
1.25819
15.9319
12.3083
12.2727
6.81807
5.45012
21.2681
15.9412
16.9922
17.7014
18.3911
11.4618
11.5438
4.78011
12.2012
6.10954
11.1093
17.9061
6.06963
13.4791
15.5291
11.7258
13.2492
18.6279
16.6849
6.80046
6.3627
15.5257
12.5115
4.65522
10.4427
15.883
2.44442
6.03845
15.6197
15.643
18.196
18.2097
2.40048
16.2496
4.77589
11.5535
3.1525
8.85993
15.7221
19.4752
3.42965
9.98222
18.9679
7.40231
10.7352
15.9574
11.0936
7.38403
12.4491
21.1242
16.9797
4.83074
15.5777
15.5048
7.83202
16.9799
9.13
5.15515
7.8105
8.4983
14.6362
21.5206
8.39197
15.2484
9.3109
15.9351
12.388
9.8124
17.6671
18.8341
12.295
15.9247
3.28988
11.6986
16.7152
17.2466
17.7681
18.3145
6.60609
17.5426
8.35936
6.60274
14.2441
20.9644
11.0329
19.5916
18.1193
14.2091
12.0748
17.243
11.9132
17.8018
16.112
4.41699
9.16763
12.6244
5.89791
7.03448
18.0569
17.9548
6.32842
23.875
8.16621
10.0945
7.46784
5.44738
13.7421
20.1248
8.29464
14.7293
15.9529
9.85741
12.357
6.80873
17.8828
14.4352
7.04191
4.25782
5.61063
11.7384
14.3392
13.7531
15.628
17.4661
17.4631
14.7446
12.6396
7.21846
20.7763
16.4412
16.1886
2.18585
6.53574
17.2567
7.24681
7.63505
4.8335
5.73496
14.2119
14.9858
14.5014
5.6316
13.1102
11.7987
13.4691
11.4858
9.72529
19.1172
14.2994
10.495
5.3181
11.8551
16.3583
10.6872
12.3501
9.73996
9.94471
17.0906
8.35575
18.0089
5.27262
24.2208
12.8502
11.6759
14.422
0.697656
14.1006
7.78031
8.268
11.7257
9.06619
11.6725
8.42502
15.5096
21.1742
16.913
10.2294
13.4451
16.9468
8.0061
18.2919
14.4143
19.569
9.82024
17.8518
10.2396
10.3632
7.6835
7.16707
22.5018
15.2677
12.1255
16.4036
12.1815
14.826
19.3119
20.9978
1.33887
7.3768
10.5956
20.7412
18.4026
18.7625
13.6435
9.84546
17.8302
13.1313
8.41228
6.13593
17.1182
15.3987
12.7776
17.6358
13.6023
7.9164
7.57706
6.26287
18.4994
13.4636
0.233639
14.342
10.3129
21.0967
3.61132
16.1149
1.96566
12.9445
17.5791
8.44279
15.5763
7.53929
11.9752
14.7131
4.77951
9.56662
11.3449
17.515
16.1545
16.529
17.3389
17.1103
17.8191
19.7536
4.79526
15.061
6.9047
21.24
3.30391
15.4021
15.9025
7.59786
14.9895
17.0639
5.62424
4.26999
17.1053
15.234
16.3869
13.2094
15.6961
11.8577
22.4297
9.36457
20.2854
15.211
2.08287
7.11768
7.82079
13.8525
9.78346
16.0723
8.00223
17.6029
20.8018
20.4931
10.3252
6.74763
7.68196
3.63282
12.096
11.0912
8.99174
11.912
13.7153
22.4417
11.2537
13.0723
15.9386
2.65735
17.1626
6.51273
15.1072
11.0797
9.26698
23.0023
15.4436
22.7988
20.0282
13.1971
16.6926
2.08396
9.75651
14.181
9.0169
11.8784
10.8347
7.61887
18.4588
8.38711
18.282
10.761
15.9908
19.9884
19.6442
5.54943
4.52684
15.5045
15.2639
16.5251
18.888
21.0607
16.6163
14.9106
13.2903
7.45106
4.75214
21.4205
15.0178
11.9835
7.8753
19.2874
12.7523
11.6034
13.3771
17.5168
19.1702
9.60354
18.9127
15.8534
16.1709
9.17045
5.9129
0.863642
5.08171
18.8306
15.8634
18.5543
9.42744
12.2531
5.76411
15.8631
9.45024
8.60455
15.7549
18.347
17.5663
7.26817
6.33778
10.3908
12.1047
0.500073
1.38569
16.0954
0.701473
6.68422
11.6531
18.8092
10.799
14.3733
1.28077
2.58898
10.2898
8.8071
14.1992
17.2432
9.06448
24.25
2.44196
7.40073
10.0033
11.3627
15.9442
12.4715
7.40916
14.9388
14.7057
18.9111
3.83624
7.38951
21.1579
20.1314
20.4039
21.1228
7.38353
7.48831
7.18583
12.7003
11.567
17.6329
22.4197
13.7472
10.7966
9.9509
15.3232
10.6897
16.4866
16.5896
21.2657
1.30604
4.55996
16.6871
9.64491
4.305
7.02325
2.37874
7.80503
11.212
7.70042
7.65211
2.46829
11.6607
3.80612
7.00911
14.0613
5.06273
17.2025
10.205
7.66246
10.3677
13.8134
9.04866
10.2586
16.1923
9.20273
8.94997
14.6561
4.08134
13.9751
14.7017
2.95159
4.67733
18.1521
11.2312
8.84473
18.6285
5.98306
6.10735
18.6317
17.3667
15.8835
18.4728
15.5187
9.5931
10.7002
12.4949
10.6557
7.49121
16.2043
15.9629
15.2373
13.4342
13.9279
4.74932
12.6037
5.54188
9.88519
19.9896
15.8891
7.96265
6.63139
17.535
9.64562
10.1556
6.45374
17.8989
8.74202
17.0875
14.8913
9.3036
10.8422
10.9913
13.8465
16.9456
12.4291
13.8807
16.6087
20.7693
6.61513
1.7583
17.487
16.9912
20.7792
16.4829
0.638724
21.6254
5.26631
9.63269
2.69977
11.4452
16.7311
15.1816
10.5573
14.6838
15.7096
18.0557
8.21647
9.49666
9.37454
13.6241
14.5783
13.6486
21.5755
9.54017
6.29074
9.85701
17.0623
7.86882
9.01874
11.3867
11.8096
22.6006
16.3819
8.87989
14.4182
2.11589
17.5313
4.94774
19.0391
10.3457
17.0132
11.2122
20.4548
17.1404
16.466
13.457
16.6376
18.6165
7.45059
9.36785
13.4328
17.7067
13.0456
11.9756
14.1579
15.4203
2.19364
10.3732
11.1805
10.955
17.0586
15.5308
19.292
12.9376
17.9122
10.4735
2.59755
12.3615
3.56345
15.2379
11.2467
16.795
16.2988
16.4739
0.96696
15.3177
20.1918
13.2563
5.95407
16.4161
10.72
2.72844
12.0706
16.972
5.42094
17.7229
14.9452
15.8941
0.296478
8.81431
1.62648
16.1952
16.0033
7.12853
19.5167
18.7642
16.8288
16.665
16.0561
13.1068
5.38222
17.077
14.7438
14.7757
15.3751
11.1481
10.1557
17.1311
11.6051
13.9162
6.4712
14.8994
21.4999
4.97685
15.5045
7.19849
12.8543
12.6899
8.79141
8.88355
11.4455
6.7124
13.6491
11.7262
19.0061
15.9295
9.28773
11.9462
11.8996
12.1814
19.7592
15.2769
16.7433
15.2788
5.47802
12.5281
20.8022
17.2566
6.09554
15.7414
15.3389
9.19417
13.7874
0.683741
20.0202
12.1173
10.942
16.9396
15.793
4.10301
1.75448
23.21
13.042
13.9872
8.07544
11.8733
0.297018
17.369
17.5488
11.4547
16.2006
6.42005
12.5697
10.0621
15.9754
10.5007
13.8071
12.1141
2.08321
1.10511
14.4703
10.5615
17.2026
9.42166
15.0614
11.9275
16.5835
10.323
14.3033
14.7379
6.0901
15.0195
14.5149
11.7383
17.4598
11.9207
1.61628
15.5848
4.24603
11.6945
12.6422
10.6444
1.14395
14.2966
16.6668
14.9237
17.2456
7.58072
18.7758
10.8885
20.1049
6.80309
8.2219
12.5146
4.31335
8.41002
2.87313
13.2969
9.9703
11.1931
21.4435
16.6967
3.93984
13.8472
3.38784
5.05136
17.8583
17.2046
2.47821
17.0209
16.6638
22.9858
10.0677
13.8587
2.78294
14.693
2.43964
11.5822
15.6643
20.6938
15.9512
14.1157
4.58064
12.316
17.7543
10.8522
19.0227
14.6507
11.145
11.9991
10.0957
4.70015
1.18027
14.8591
8.32742
16.2491
9.54523
8.52915
14.0768
17.1227
7.15829
7.4823
13.7044
15.3572
6.15356
12.8003
2.26078
15.2217
2.12948
18.5805
13.6469
16.0684
15.7971
21.1
8.22153
8.97685
22.8668
12.8496
8.70346
9.95538
15.5417
11.1487
6.27229
13.2969
8.54788
19.3922
9.99225
13.0891
6.43285
17.5826
6.07521
18.2118
9.49211
17.8472
8.07778
18.3698
2.4264
6.8081
19.3276
17.3494
12.1886
14.3829
1.52412
17.5346
6.41586
15.3136
8.53883
12.3908
16.4457
18.6897
20.1972
17.3061
7.64755
8.31956
12.7032
11.8749
12.6746
2.17755
12.326
20.9741
17.804
11.7068
16.3594
12.2802
2.45902
13.4765
17.5286
15.0332
14.94
10.1414
7.94144
15.9604
17.5806
5.3249
14.1282
5.40713
15.5304
12.7227
15.8253
10.5001
18.3025
15.7441
16.265
11.3776
1.40091
13.6512
16.6294
12.9262
12.0512
19.2221
19.6265
14.7309
15.8883
18.0798
10.3663
14.4531
18.3732
8.32793
9.03536
12.5794
9.87111
7.20611
10.762
8.93855
15.5757
21.2656
1.10782
16.0315
15.0055
16.2764
7.81569
18.0732
17.1821
18.1531
5.61363
6.62492
22.9574
8.11839
3.98518
13.4734
0.980559
17.7528
15.6624
11.9153
19.8425
9.6836
19.298
13.4321
11.3872
1.07349
11.6177
16.3522
12.4365
20.7978
23.297
24.0506
15.784
22.6453
4.78806
10.7601
16.2269
12.3255
4.3277
10.5886
5.92814
22.2651
18.0403
11.1013
6.78625
10.7553
20.7745
4.58464
23.3187
14.7219
14.1651
5.5378
16.3539
5.54871
15.4752
11.4783
14.2741
21.4215
16.0866
14.2355
14.3558
10.233
8.50817
8.94505
4.17671
12.5978
2.30815
9.47694
6.29741
12.6278
15.7425
19.2484
19.1389
8.03373
8.94432
3.25545
17.342
13.4423
6.88274
11.9675
12.995
12.228
16.4079
2.11554
18.4179
12.9877
12.924
19.3306
18.4071
17.7219
11.9535
15.2671
9.46363
18.3635
19.7064
8.61933
17.649
13.9879
19.3085
8.40134
14.8942
12.6424
11.0205
6.25721
11.7243
2.74001
18.9028
15.1942
8.37535
6.68819
18.0445
13.5583
11.8426
22.0746
8.69961
15.8621
14.4259
15.7311
11.9252
14.5692
10.982
14.6855
8.30374
16.81
13.297
2.00528
9.81764
21.2605
10.3566
15.2381
17.1837
16.6538
0.3737
11.5073
6.70484
22.8321
4.65189
22.2846
9.90235
16.621
18.2195
14.325
17.6603
11.6765
15.7185
7.29569
14.4824
21.1178
21.2344
3.14403
16.1496
7.8292
1.37927
13.943
17.3132
5.1242
21.7687
5.44186
10.8661
14.7639
20.953
23.3692
14.6936
19.9625
17.634
8.25577
16.0836
4.3537
5.40116
4.58302
6.32066
16.0506
11.7586
18.0417
9.14625
5.44469
9.83648
5.4993
3.49052
2.57205
3.01891
10.4828
17.6861
15.5568
3.2877
17.8777
7.65152
9.92548
0.704424
10.622
13.0188
17.9429
2.68718
16.0938
17.6813
12.9451
1.42534
18.2832
6.93775
19.6479
17.3459
9.92823
7.76947
16.5668
16.8675
15.2127
14.6865
18.6764
17.284
9.56135
19.247
18.3384
7.25839
14.4204
9.50034
15.5781
4.89989
14.7104
4.563
16.6054
7.43032
0.848442
8.4843
8.63242
24.3714
4.38543
13.511
24.1685
17.0122
15.6561
16.2764
1.40582
7.5853
6.80854
12.8932
18.0118
15.8888
0.765884
4.58927
10.0108
8.30909
5.56164
5.87845
23.6215
16.7819
18.7041
10.3755
12.2692
7.69004
4.39204
4.65422
2.33499
17.9536
11.8374
12.4822
11.6189
10.8868
22.4782
21.5108
14.2162
10.1997
16.5936
5.60645
16.0959
13.1791
9.36537
22.8983
17.8052
16.9059
17.2014
8.40624
9.33985
6.12902
0.71839
13.7681
15.6133
15.2835
6.94991
12.5669
20.6519
16.362
19.4021
11.606
15.0555
6.7049
17.8653
13.2564
8.73
18.951
3.22037
15.813
19.7584
16.7289
11.0101
9.01112
13.0281
14.9077
13.6864
12.739
12.2297
16.8348
17.0156
9.47837
7.97221
17.1097
12.6228
15.6757
20.4382
16.8782
19.5496
15.4404
7.59186
15.5948
13.6201
12.0554
8.03202
7.20174
15.1864
17.2416
17.5928
11.16
13.1106
8.32169
9.81255
3.9878
4.72705
15.3722
7.63143
9.57011
12.4694
14.1393
10.5172
15.3511
9.77312
15.6022
18.2758
17.4251
12.4433
16.4714
18.7659
17.459
5.09265
7.92448
7.68975
17.9419
15.5962
17.2118
14.8876
8.60889
12.504
20.4559
13.4484
16.6206
8.40237
4.18018
16.3812
19.1664
15.1703
4.20896
7.97305
17.3426
8.01231
15.0454
18.1007
19.9825
2.54711
8.24971
13.7688
16.467
8.79152
7.3673
8.25651
13.8139
18.0697
16.1019
11.4076
13.2994
10.9266
9.40327
18.1017
13.6479
17.1455
20.9182
18.7356
13.5986
16.1863
5.18817
3.54893
18.349
11.5291
20.4772
0.0941982
11.6828
20.9019
5.07174
10.7682
19.7969
21.6884
10.5083
1.16768
17.4336
16.3273
17.855
15.2236
21.9587
16.7564
11.2181
17.2082
10.3046
20.513
14.0891
20.0989
16.9464
16.7912
17.389
14.7978
11.4945
17.5036
6.80841
7.34325
15.8087
15.1614
6.69633
13.9761
7.84284
13.5377
11.5778
13.3238
5.99314
19.9731
7.33512
21.3641
16.8868
10.4719
18.1295
18.7213
11.9078
10.222
4.47924
13.2414
12.6252
18.8754
5.99951
2.36663
16.2142
13.5872
7.9913
17.6689
14.6297
12.6684
7.15191
15.9646
7.37017
1.08798
8.82607
6.43799
19.6287
18.0538
16.782
10.2962
19.9394
22.3231
16.2644
15.8488
15.2649
3.35124
14.2833
16.8234
7.44595
6.97272
14.1099
1.21605
1.13934
9.66661
8.6176
7.60722
20.0236
17.8995
14.9574
19.8801
19.0064
11.0209
10.3048
17.1116
7.61904
18.0452
2.52923
12.109
7.95058
4.48289
19.8683
5.4333
11.0959
10.5118
17.109
9.70402
11.3545
14.7779
15.8944
20.6773
1.26708
15.2797
15.0448
19.1674
7.91126
17.9083
12.4556
17.1485
4.72055
14.3185
14.0255
7.67282
13.4621
8.31734
15.5418
16.5885
1.60061
11.0101
11.1209
22.8478
5.84731
16.7959
10.8767
10.4711
13.2506
12.5049
17.2664
4.20677
18.4316
12.9194
21.1704
19.6801
9.51537
9.02395
10.6864
16.2667
17.8021
10.8923
12.1572
14.2457
7.38544
13.2445
13.1715
4.42472
13.9004
6.1776
1.21209
10.9054
10.8147
2.36791
14.4799
18.1876
20.9305
5.88723
14.5324
12.4994
16.2544
16.538
11.8077
7.2258
8.146
4.89317
6.10969
16.4889
10.0519
18.1403
19.9844
5.24613
21.0094
8.00804
13.4293
8.19755
15.2714
4.02133
7.16368
17.9697
18.884
7.43981
11.4822
11.1496
13.5132
18.3596
14.6492
12.9395
17.5724
20.3455
14.9343
11.046
11.9611
17.7798
1.45859
13.7956
0.630035
15.5299
5.82727
10.4343
1.40173
2.35349
11.5232
19.6357
5.03664
6.90138
12.1179
10.7654
7.5259
15.5304
3.34659
19.125
16.4956
15.4133
21.0667
18.1805
17.9738
15.2316
7.34514
15.68
17.0932
2.91033
15.8445
20.1894
18.8527
8.56615
8.69559
15.7779
8.77429
13.4364
4.41294
6.59822
17.6502
13.7598
11.5083
16.4238
12.6019
12.391
16.7494
6.86901
17.6136
11.9352
11.4261
7.87791
9.6239
13.4852
14.7459
4.25722
15.0842
20.0943
9.47966
17.138
17.4373
4.13809
15.948
4.26749
11.6178
6.85531
17.0111
10.7787
2.16599
18.0161
5.55535
13.0905
5.96216
12.7565
17.1271
15.2231
17.2011
11.75
15.7092
5.86514
17.4375
3.18217
2.55759
13.874
16.1303
12.209
19.4969
13.5564
14.5853
9.28388
4.2658
13.605
9.96096
12.0329
8.37355
15.9751
13.8601
16.3432
8.78924
18.866
6.8907
11.1219
8.56014
17.8045
10.5347
2.2986
21.3471
3.49682
9.35011
12.8238
13.717
17.5822
6.49039
17.1996
8.09046
4.80909
8.60551
16.7026
9.28695
18.452
18.1878
11.8277
8.93999
23.1751
15.177
7.46288
17.0167
5.41037
2.49519
5.57702
14.2923
16.8748
5.14631
11.4879
18.3806
10.7139
13.383
1.30044
23.7349
9.29881
7.5623
5.57195
17.6085
2.83696
21.9998
13.7584
17.781
13.9618
8.27306
23.0451
15.808
17.9926
10.0564
16.9477
5.737
13.4927
14.9927
11.5844
13.7079
17.4726
8.97013
14.7971
20.8944
15.7404
4.38754
21.4732
15.9785
9.99974
1.43334
13.3554
19.8188
7.6285
9.68879
5.50077
5.71608
19.5169
9.12358
11.6628
13.4398
3.63219
9.07809
14.3507
11.015
14.1359
11.8979
7.94691
13.0876
20.3362
12.966
10.473
3.85096
21.844
10.1761
14.9763
18.4792
2.54865
10.2637
17.1233
13.6014
11.4057
13.3544
11.4895
5.50212
9.24304
13.6738
8.29637
13.8103
11.356
10.002
15.1644
10.8047
5.99234
17.0955
7.04154
15.7294
9.81124
6.50269
10.6901
19.735
6.05216
15.2156
11.9852
16.9054
1.867
15.8663
10.0996
15.9717
15.5453
21.2751
13.3053
11.3125
17.8985
17.4885
13.3622
5.17444
3.74357
10.2739
21.4404
4.90698
16.4794
17.3834
14.4249
15.3605
13.9726
9.86593
13.547
15.4321
18.036
14.9197
8.62986
4.23638
16.3934
7.43335
16.9872
11.7161
7.99245
4.08758
6.41841
16.813
9.8182
2.11813
22.4505
16.1578
9.84066
13.728
12.9944
6.439
5.51572
15.9721
9.42344
15.6895
13.7027
4.30919
17.1818
14.854
16.0767
15.9046
10.0851
16.0906
15.9812
5.74839
17.5386
15.3811
9.6583
16.9186
15.2386
8.81495
17.8754
14.4317
5.59525
16.5284
10.1044
17.8883
0.79134
7.95406
12.3157
16.648
15.7776
4.31944
7.70754
5.84859
20.0398
18.4181
7.88322
9.79321
3.73471
0.870807
10.4529
7.64791
13.7084
1.85633
10.8032
19.5116
12.4693
23.4287
5.64817
12.586
15.25
1.40089
6.58165
14.8304
13.9973
17.5087
5.55585
19.7003
11.1495
6.61365
8.82458
13.7926
17.7163
0.228136
8.09776
7.90372
13.2673
14.8209
7.8391
12.8866
10.7423
17.598
14.262
22.4624
17.6386
11.3686
5.73333
16.8707
5.44981
22.1393
15.2942
8.71231
17.102
20.1804
18.0352
18.8397
14.1471
20.7278
7.66701
17.0986
8.1322
10.6385
12.4117
14.4786
14.3031
3.73078
15.2257
8.77493
9.83673
18.8434
5.99477
7.75226
9.04337
16.7534
16.2808
17.4582
11.7297
4.99977
13.7277
11.7278
20.8524
15.8984
6.02524
11.5485
14.0172
16.909
10.9431
17.1524
16.888
15.5955
2.54362
5.08477
15.3327
5.77917
13.7096
13.9393
11.1758
18.5585
16.3795
9.00696
9.26653
15.6656
13.1129
4.85462
18.2743
17.565
18.9495
12.7225
17.2245
16.5894
10.9474
9.29852
3.66776
3.2826
14.431
8.43999
16.7131
16.8531
8.14314
15.6408
8.49984
14.5268
16.5728
13.8765
10.2175
17.3936
18.2504
17.5113
15.049
12.4657
15.3654
19.3781
15.3308
14.1674
15.3831
6.92255
15.148
12.5611
14.0221
14.9126
13.5949
12.2315
12.8837
1.35243
15.8613
16.9699
17.4535
11.0341
12.6945
24.126
17.2286
12.9714
19.6373
10.0466
14.4206
1.30136
5.38713
19.8152
14.6201
18.2394
3.74609
1.4428
13.2992
16.2939
13.1029
7.87999
10.177
13.5926
15.4355
14.2501
18.272
18.1712
8.98267
8.3906
7.09015
5.8248
11.0375
3.07042
14.3513
8.02988
9.78123
19.7648
9.63685
15.87
1.04185
15.5953
20.1733
5.7671
10.0911
6.00037
10.9652
12.3907
11.1965
13.0143
7.66486
14.6551
13.7424
20.3549
22.3349
16.7848
17.2248
15.5888
1.40173
10.5943
10.2699
16.8067
7.65194
23.4142
19.809
6.05629
21.1505
8.88284
16.1917
19.4219
15.1507
15.7638
13.7093
10.8422
12.8393
15.8258
4.59076
5.56492
13.771
14.3256
17.8455
17.1113
16.247
20.7469
15.4285
4.32443
17.8479
18.8711
18.2861
22.7988
6.89968
15.512
16.6494
14.3183
18.0873
8.89996
14.575
15.4
3.98389
3.89486
13.7038
12.7394
10.1014
4.39825
1.3922
16.6048
12.192
12.7054
14.9379
12.5111
7.95967
15.389
14.1146
17.6245
7.92035
14.2284
23.4337
2.79672
12.0382
10.0082
17.7292
7.79742
21.4748
1.63056
14.3506
19.5659
1.80037
11.2977
19.941
9.73871
15.7951
14.3629
4.74084
10.9737
16.2934
3.8665
10.0411
10.8583
10.6336
16.023
9.60196
1.47706
12.9743
14.4727
15.7287
21.2054
23.0936
8.85659
2.77033
14.4465
7.96493
9.89156
3.59976
13.431
14.5656
12.5273
13.1969
13.4792
7.69888
9.96038
9.71913
19.5638
2.35193
18.0977
9.81574
1.96733
7.62753
15.5766
8.59729
1.43754
11.1787
10.5256
9.66702
16.9989
11.3358
12.0398
18.2062
16.154
7.42212
12.9176
6.39461
12.6314
8.94889
13.1948
8.51091
8.89077
10.5734
8.05547
0.626354
14.2795
17.8616
6.49152
7.03211
21.2326
9.89677
15.8066
7.9974
9.33917
12.9386
1.77305
16.0516
20.1234
18.0937
1.52103
11.3734
14.1894
16.985
20.1579
5.81301
11.077
12.0119
12.3809
21.2364
13.6699
14.8459
7.05561
17.6883
11.6895
14.8437
14.7313
19.8468
10.1263
11.7956
9.72216
8.295
20.5119
17.7349
6.63261
12.5558
10.7733
20.2413
16.9551
10.002
22.5606
6.89352
15.5031
14.4057
8.02603
12.8576
17.3488
13.8919
13.5514
21.5973
13.7594
4.78173
18.272
18.981
16.9568
18.8805
22.5462
20.6389
13.004
2.9741
15.2242
14.2761
9.25988
6.289
1.00967
12.3824
15.3496
17.3669
17.5327
12.9568
12.1769
13.2515
16.9218
20.337
21.7629
17.0183
5.97013
16.0737
19.9573
9.42995
8.62011
14.2313
7.12178
4.79319
6.35996
12.35
1.94844
17.7034
13.4448
14.7256
19.3574
11.6085
10.2845
12.082
7.52522
15.7621
19.06
22.9407
16.4916
7.81893
13.4442
8.40132
3.13511
16.4615
13.9193
18.1819
4.77064
11.81
15.4924
17.8791
5.44365
16.7246
4.88187
13.6323
19.5822
11.1729
0.868028
8.23521
16.489
0.899217
12.4686
15.2469
21.5498
17.0692
16.7059
14.0341
13.8
8.67286
13.6485
10.3623
8.53629
17.8369
6.15501
14.4186
3.83113
17.3219
15.7571
12.979
13.594
16.4499
7.00474
6.62646
17.677
5.67924
7.34931
20.1136
0.950421
20.0954
19.8733
6.13502
11.9083
13.8223
6.28523
16.5701
21.4843
17.8091
16.7257
14.5568
0.867746
14.9003
18.7017
22.6367
10.3996
16.1696
5.01358
13.5175
20.9018
22.4566
14.8735
2.20826
21.4885
12.718
20.518
23.4488
16.1104
18.9909
16.7429
20.2356
10.8533
17.836
13.2348
14.9432
10.0011
22.2588
12.4195
20.0085
17.3788
17.3736
11.7371
1.76115
16.2843
13.5273
21.8116
16.917
12.9036
15.5395
9.82875
16.6248
18.3894
11.4398
10.3756
2.73352
9.90407
13.4874
13.7318
13.6043
19.0797
18.1949
10.33
10.9151
13.9542
18.6405
7.70063
18.2302
13.8272
9.24875
14.3957
22.7219
13.8427
14.7758
9.03826
14.6089
17.0995
12.1362
11.0092
15.3807
17.9377
15.0336
10.8811
23.9909
21.2339
17.0375
10.6711
19.9504
18.1141
17.974
18.3024
15.1187
3.46897
15.5809
7.86033
21.7058
9.47588
14.9958
14.3362
17.9561
3.30087
17.2727
23.322
11.1157
9.5355
13.4301
22.2636
13.2903
13.2477
17.3914
9.64936
10.4465
5.24421
4.44268
7.2366
9.89206
8.93664
14.9292
15.3189
12.6761
10.9712
8.80449
19.9185
14.4295
10.2208
4.68955
17.7258
14.5549
8.61963
18.1537
16.8149
16.9927
3.51874
14.3645
20.2991
3.24531
17.1336
19.7881
5.49636
7.44209
17.0281
9.35053
12.2057
14.4412
11.6157
12.3033
11.1147
21.0732
10.2544
13.1584
18.7627
13.2303
11.0538
8.95715
6.68621
1.23378
4.77579
4.04312
11.6631
20.2169
14.0561
6.26527
13.9123
3.98355
6.00571
15.5844
12.0606
20.9629
18.9331
20.6335
7.55132
0.58439
19.136
16.8804
5.25161
17.7758
21.2219
8.09931
19.6389
9.67011
17.0119
17.2168
11.0869
7.99546
8.79363
15.0446
9.4095
6.99291
20.3732
13.3021
9.4241
17.3761
11.2563
12.6113
8.20202
5.4331
23.6435
11.8285
13.2278
20.3395
8.92089
16.0005
9.89289
10.6496
12.2117
7.98064
12.5529
13.1102
19.569
11.2006
9.58168
15.695
16.0083
10.7915
16.0189
3.42192
21.1824
8.62313
21.2081
19.4693
21.3857
11.1519
13.6175
16.2173
4.61122
18.2515
12.2573
4.16003
18.069
22.3941
14.022
13.5306
23.0556
18.3228
13.2624
21.2281
15.7168
5.7738
14.8587
16.5454
8.28127
12.1632
16.7009
18.5924
13.602
14.7083
20.9263
14.7436
16.292
17.9495
16.2693
12.5635
14.3393
17.2682
10.7385
12.8392
11.5209
16.6695
16.3182
11.1278
11.9976
16.182
3.8079
10.2138
16.6351
16.5551
11.5959
9.52084
19.392
4.78168
3.5561
14.5372
1.5943
15.134
16.7922
11.8297
10.6996
9.18803
13.3076
13.673
9.00713
14.7321
15.623
14.4339
16.0218
13.2329
9.11091
21.5493
12.0589
13.514
14.5684
10.6758
13.0988
7.42126
16.5907
18.1011
4.33113
13.222
1.33186
16.6985
7.33187
10.7404
11.9564
19.0389
16.1687
5.73972
17.9788
17.6386
14.3094
11.1468
12.6279
1.26474
17.0018
13.4582
13.1684
12.4653
6.96743
9.0896
7.24054
10.9227
10.917
17.6589
16.3822
10.7169
8.0985
15.6216
1.68264
3.53679
16.1198
12.7983
19.8682
13.0778
23.2066
10.251
16.6501
14.1986
8.06663
7.3062
13.8191
15.1854
7.04415
3.46188
10.9294
6.41546
16.3425
12.9997
17.4175
19.6057
5.28567
12.7959
17.2932
15.3182
7.54677
19.7967
21.5757
18.2394
17.3303
7.54198
4.58428
16.3901
15.1512
8.47723
5.54236
15.4819
8.589
15.8958
1.87418
13.098
4.94384
11.0799
10.3536
12.768
16.1507
14.5131
19.488
0.718476
9.94724
4.52483
13.2601
13.6127
13.5888
11.7921
4.40599
11.8986
17.9976
13.9807
23.1402
13.6262
13.9623
19.0723
7.93677
14.0491
9.52159
15.8892
3.08245
3.00668
3.07075
12.314
16.4432
17.1254
14.9468
10.3042
16.4087
5.3362
12.9915
15.9455
16.5256
15.2151
11.085
12.1382
21.1869
9.67835
3.69474
5.75004
7.50144
17.622
17.2554
21.4747
11.4913
18.7696
6.15537
14.8304
15.6372
11.3123
10.203
16.2947
18.1674
15.5465
14.5649
13.5092
23.2975
5.20532
16.1643
17.393
14.8754
5.17712
18.0678
18.1086
4.94674
10.6864
13.9895
13.6306
19.0121
13.6248
10.1154
18.2447
16.0037
6.18903
20.8726
7.02075
16.6203
21.7519
12.7685
14.5383
19.5486
2.56901
8.43104
19.6261
10.6181
14.1491
22.9446
17.2369
15.0034
15.9689
11.7668
9.03292
14.7027
2.99321
9.4696
6.87261
5.46359
0.774975
12.3619
15.9059
15.4983
15.283
11.9301
21.615
6.38358
13.9246
16.6955
16.0333
20.9627
13.809
1.46956
9.53463
10.5033
11.3244
12.5428
5.56985
14.544
18.3356
15.9085
21.2157
14.9032
13.6781
10.1149
6.23855
16.3717
13.4909
1.91091
13.4484
12.3973
15.9124
11.4378
12.8242
11.0377
17.5181
12.3933
18.7444
8.12426
19.4634
13.9432
11.7787
9.73195
20.4759
7.25814
1.7356
16.7258
9.56219
19.1968
17.7558
12.7191
11.6436
4.48748
12.2896
12.3264
4.18896
9.21371
17.1447
13.6012
7.77748
16.7469
4.98406
15.7583
0.268038
7.8567
12.3196
14.6409
14.8333
11.1453
23.6507
20.7393
8.73292
15.9394
15.705
15.7711
17.2173
15.6124
1.85017
18.1811
9.79198
4.87752
11.542
1.61322
9.00633
14.6104
10.4085
16.1393
4.19688
8.43886
16.1507
17.9
11.7423
23.2691
12.3735
10.1841
12.453
10.42
11.9302
9.92695
10.3389
14.1266
8.54584
22.364
12.7334
12.692
7.44484
16.022
15.6962
8.5908
16.7905
9.75216
12.2677
9.31945
18.5543
16.7722
11.606
9.18841
20.3715
7.67255
6.38486
16.7275
12.8087
4.6675
15.1782
21.8572
11.2268
18.5426
14.9909
9.15367
2.59811
8.41459
12.4924
13.6109
14.8819
12.3302
13.1203
12.1311
20.1665
15.3979
12.2361
9.76999
1.35947
19.1963
9.09889
20.5694
10.3089
11.4871
0.174574
17.4364
17.4075
12.7144
10.4977
13.5586
1.19682
11.2975
15.1419
12.4524
13.8921
5.53857
16.3888
14.4957
9.98971
8.26615
12.8573
12.8015
15.2702
12.2762
9.17259
5.79948
16.053
19.0389
9.07092
21.3611
2.28693
10.3824
13.1104
6.67359
17.6835
14.7001
17.2155
16.7544
19.6963
4.59375
21.1431
18.509
9.35228
16.3381
16.5257
16.0676
6.61193
19.7604
15.4913
14.2242
14.7212
9.42526
18.8188
17.1371
7.3231
14.8308
5.45748
17.342
7.99479
9.30472
16.363
8.52323
17.6549
5.52091
7.98223
19.6324
6.7093
17.4501
16.3201
16.6831
14.332
13.191
6.56256
11.1647
16.8297
9.23689
9.62313
15.9006
14.2005
10.7196
7.93086
19.7598
14.5989
14.707
9.67124
8.72109
15.5291
8.21019
13.5829
13.9945
14.0398
11.0357
17.5329
15.1293
7.96584
8.57864
14.0622
13.7894
22.7597
13.3596
11.4247
13.6795
0.651372
7.57057
15.2981
15.4539
11.9
20.4684
17.5955
9.7089
11.6618
13.4087
11.1654
17.1066
17.1598
1.83281
7.04374
3.85803
2.72829
17.4638
15.8129
22.2147
8.37523
13.6732
5.22722
16.3342
6.22319
0.176389
15.9013
11.0169
15.2075
13.6175
15.3652
8.07597
16.1193
7.9552
17.9419
17.8057
7.24859
12.7837
9.66192
14.9538
20.3319
7.37898
11.3614
11.8104
3.31975
17.8392
12.8381
9.14706
11.4787
17.2721
12.7006
12.9304
15.451
1.49181
15.4187
3.64211
8.14412
14.5925
12.316
15.1808
3.37813
15.1566
12.3134
21.9446
5.30059
15.1201
23.4936
18.9778
10.8287
14.5679
0.628905
2.53907
8.68384
13.1826
11.5488
16.9577
10.7513
15.602
7.45083
6.83328
16.2486
3.98605
2.4324
6.9785
14.8926
14.6325
5.94576
9.75134
14.2739
3.81474
15.2264
7.7682
3.69137
15.0813
15.5283
12.2148
19.4982
1.5869
10.3374
17.7739
5.855
18.275
9.00225
16.7698
6.64898
20.2716
17.1377
3.57543
6.89748
10.7917
4.01976
13.7024
15.0105
15.2818
19.16
19.0351
4.50538
17.4704
11.5267
14.9811
10.8994
12.1501
15.9222
17.065
10.7609
17.6805
9.60822
12.262
9.2255
8.22958
12.8363
14.3318
0.664977
8.905
17.3514
16.0667
9.59824
14.2559
13.6957
11.7752
10.8301
9.467
14.9009
11.5214
3.37531
8.89901
9.42371
19.732
10.4155
15.3609
17.2203
16.807
5.86758
13.2312
15.0351
16.2741
10.9387
13.0074
1.33817
12.0668
11.1885
12.5494
6.65892
22.7918
19.7
14.4847
14.3009
3.10589
13.3234
5.08378
21.0067
20.6023
16.8205
8.6409
11.9652
9.74779
5.97843
13.0546
9.51377
11.8553
18.8444
19.7972
18.5271
18.3876
14.9988
19.7103
10.2839
19.3651
3.88187
14.6187
7.19268
17.0674
8.77837
14.9971
2.35834
15.3343
0.459431
13.8402
14.6074
12.008
16.1842
9.66329
5.30775
15.4237
8.21567
4.36906
16.5243
14.8475
14.5789
15.4199
17.8264
12.7282
16.428
9.56528
7.65735
15.3579
5.11153
9.37079
11.7492
8.20788
15.2476
8.65911
2.60575
16.6272
20.0789
17.7763
11.2524
17.2395
21.8081
6.06589
18.3477
7.9727
13.0615
2.98823
10.1795
11.9211
15.1167
16.931
9.57515
10.0901
1.04205
23.1874
15.5744
18.1918
22.2624
6.18647
0.336324
14.5447
15.4317
21.2773
9.46878
15.747
12.3
18.2416
16.0706
12.0988
7.22886
10.8576
14.7711
13.4156
17.366
16.6053
18.3438
15.4771
6.95093
8.37625
9.71773
3.60278
16.2213
5.42408
4.03853
12.764
12.1653
0.913263
3.30115
14.5531
13.7488
11.8919
12.6825
5.95838
11.9757
15.9364
18.3884
19.4071
14.0003
20.6331
3.44707
8.98878
21.216
17.5831
8.32906
12.0261
17.1615
2.80825
20.0992
22.3454
20.566
8.43287
17.3041
12.9741
18.3685
17.5264
23.3505
22.5338
17.6814
4.49179
6.53607
7.75322
2.93291
3.30341
17.4627
16.5758
9.42486
16.2516
15.5324
2.92462
11.9623
6.73649
9.08046
14.5542
20.9092
11.5756
18.7348
14.0538
17.8216
21.6306
18.4679
21.2487
19.1661
6.90605
15.7374
1.96629
11.4374
8.89207
8.34139
14.3117
17.7915
16.1173
11.6646
16.7342
10.9909
8.53803
6.56246
1.84063
19.0303
13.5838
2.21674
17.5437
5.12251
14.4518
16.6386
7.84632
12.5034
14.4782
5.28278
18.6681
4.06092
3.9468
2.39644
12.8706
5.24711
17.6608
15.0144
17.9296
9.65409
17.588
17.1318
15.3675
14.5793
22.6858
0.267287
10.9634
14.9805
11.3349
17.8476
15.287
9.93995
15.8558
17.3786
0.93005
12.6701
12.4318
15.241
1.0831
17.2199
15.1612
18.6648
16.1233
16.2448
6.24336
5.81021
16.4811
9.17679
1.75088
15.0399
6.22249
13.8822
18.371
15.4469
10.4331
16.3199
17.283
8.3686
18.1732
17.351
18.9427
11.4922
15.1236
20.2117
3.04645
14.4184
12.425
9.5201
19.667
8.61027
20.3457
12.8405
18.5038
10.9835
9.7221
21.251
12.918
13.0876
12.3914
19.6529
9.59957
18.1853
6.07985
1.84655
6.78425
14.5288
12.7455
19.0759
16.2087
15.3951
16.986
9.96977
16.7433
20.6403
15.6135
7.3626
13.0787
17.4473
19.7945
8.45246
4.47015
13.8934
1.14333
14.228
20.4133
15.9326
15.966
16.1518
11.2152
4.59121
16.8636
18.1986
24.2709
6.99899
14.9148
15.5496
16.134
12.5642
10.4803
8.27736
12.8291
7.8363
14.2571
9.02716
14.2736
3.62162
15.2877
11.1683
13.9124
17.9438
11.9506
7.83006
13.3008
13.3119
10.2088
12.2198
15.1329
12.082
9.38085
13.9113
8.45329
4.61873
9.19385
12.1812
11.4179
9.93932
5.28828
9.04951
4.83756
4.49116
1.93807
9.61171
18.2267
16.9918
9.91851
13.4632
14.0265
9.77099
5.84221
17.0646
12.6278
24.5769
12.6259
16.5892
13.2851
22.506
10.9348
8.70684
16.064
10.1781
18.7559
3.58161
6.21675
20.4971
4.74178
18.7836
17.0634
13.9765
16.8274
14.9795
6.30198
11.2057
5.36594
7.89865
5.36367
8.67276
16.6908
6.50738
13.456
17.2629
12.8349
15.7885
12.2216
10.8118
14.1712
14.3076
7.92265
8.59587
18.4077
10.0244
19.3378
8.06846
7.2093
11.6717
2.27995
14.6788
15.3697
14.4527
11.4375
9.02409
14.6085
16.6236
17.2276
7.00922
15.6721
6.7023
17.8123
11.0919
13.5763
4.90681
2.83428
2.56629
19.9101
9.66906
7.97495
9.079
6.79072
16.0588
16.6503
16.5807
18.9429
16.5058
14.725
2.62215
6.53339
6.84018
3.83436
8.14189
16.7862
21.3225
17.7585
12.2676
15.8714
13.5279
10.8277
21.2205
12.7834
16.4827
15.431
12.4831
6.1518
5.78691
15.9205
19.3692
16.9104
9.14265
6.6409
9.55483
14.9012
14.1025
16.1269
3.51184
7.76531
10.8775
9.57234
5.41396
17.451
19.058
16.7068
6.72205
16.5177
13.3359
1.8774
22.6345
16.6199
8.158
19.1109
11.06
11.2931
13.4409
16.4073
6.94389
4.88619
13.7759
7.13363
17.9259
20.4798
17.4371
13.7515
14.719
17.1906
23.4721
9.43729
6.84126
6.47867
17.9556
5.59996
15.528
7.09251
8.21591
4.8365
5.77797
4.61701
19.7744
15.6224
10.1692
13.0554
15.5999
2.37546
8.99411
14.4407
22.5641
13.8372
1.4638
15.1992
7.00022
14.9826
18.0239
9.57986
12.8061
3.64985
6.45162
9.45829
21.402
14.3623
3.58942
12.0078
2.5639
13.5611
16.1267
4.53958
15.7337
9.76735
14.472
16.9071
15.0956
17.4485
14.3695
13.767
15.9316
10.6679
16.2215
12.7117
16.4973
2.21699
15.1801
11.5415
16.1852
4.18516
11.1062
23.4638
10.381
13.8872
18.0485
4.80573
0.288432
3.05466
3.52681
11.838
11.8212
9.95664
11.5498
11.2641
18.3704
7.60923
1.82655
2.64432
14.6987
17.3188
12.8669
15.0301
14.6553
6.6543
12.4595
17.3184
19.3677
16.279
2.61928
19.3021
1.42147
6.03809
20.2268
22.3241
12.0495
11.0506
11.0039
17.5401
22.5581
16.3753
17.5029
14.7335
7.58673
4.64336
11.4944
7.76327
21.2907
17.3984
8.39756
15.0143
17.3854
5.44359
15.0971
13.1681
24.5243
17.76
12.8437
6.32775
6.39056
8.73672
12.9845
12.5797
13.5667
2.2138
4.72243
7.38689
10.6943
12.5287
12.7333
9.61045
14.1332
12.2908
21.0788
15.617
10.3121
10.0454
15.6784
6.06815
3.35651
12.7944
12.6538
5.69412
12.8863
17.9545
10.7502
18.7591
2.89819
5.30029
15.6821
6.85734
21.0063
8.75824
17.333
15.8887
17.6673
7.03472
12.7862
5.71295
14.4719
13.157
18.8168
20.8124
15.7918
17.9305
5.10615
21.5308
3.83536
14.8734
20.4857
21.474
19.7298
18.4888
4.69533
11.9327
18.0787
15.9302
1.07575
15.6427
14.2595
8.1709
6.14861
13.5977
4.52144
21.8281
13.4894
19.139
12.8416
20.3307
10.786
13.2364
14.3231
11.1213
18.6408
9.82688
9.3554
19.385
6.75241
17.3508
10.488
15.4076
18.0533
16.1669
4.86785
12.6881
20.8574
7.08679
11.8363
13.7003
8.21699
14.0921
8.88126
7.83849
10.2673
10.7802
3.69958
6.165
13.2482
12.7498
13.2601
6.30347
16.2839
13.7626
16.9617
13.6896
13.0068
19.7098
12.5146
15.1038
16.7886
16.0241
16.8675
6.50041
20.227
13.4656
4.68643
16.6099
17.1572
0.885311
14.2431
17.8901
1.06924
20.2143
2.9534
18.8028
17.2805
10.711
7.03727
19.0378
11.4633
14.5713
14.8951
16.9792
21.3241
8.15094
16.4707
12.4851
9.72222
21.9105
15.0457
9.18982
8.64584
17.2837
5.5286
13.9886
8.21793
16.1929
5.22292
17.9393
15.3297
2.68465
11.2029
16.6012
10.4253
12.8897
15.2841
13.3327
2.76834
15.1159
11.9708
3.70186
7.73597
13.2818
13.6754
13.2116
20.4515
8.7496
9.45515
13.9006
3.23005
11.0416
15.1698
4.37797
18.2668
14.6339
1.16935
9.46131
21.2543
17.5149
10.7157
16.4537
11.5159
8.17143
15.2323
9.98377
10.7043
16.8054
22.7651
17.119
14.1792
16.1194
11.4579
14.1408
16.5929
20.9865
10.1902
7.20377
13.1952
20.7549
6.23796
23.1972
20.7624
15.3397
9.60854
7.25255
12.5721
13.2195
12.2973
8.20985
17.8043
19.6753
15.5289
20.3055
13.7391
7.59242
11.5908
6.17619
16.9097
15.5169
11.0122
10.6063
12.7866
4.85423
21.4402
3.42064
19.4548
5.89605
16.8689
5.45457
16.967
14.8027
5.52733
11.7452
7.29561
6.90727
1.68418
3.81857
8.64335
21.1995
10.3678
14.1347
19.1569
15.0855
18.1612
18.3224
1.47692
16.9125
13.7076
11.6494
3.89382
8.26078
12.5881
15.9938
18.0275
9.95755
17.5206
21.1805
18.238
21.8535
14.9304
4.87383
17.1603
13.2113
8.85941
6.12431
6.01399
11.9884
1.74339
12.1965
5.28681
16.8504
21.8975
22.0687
17.768
20.439
20.9817
4.6781
12.7389
7.71204
10.995
17.6959
22.2508
5.33853
18.435
13.4732
15.0255
11.6904
7.5998
18.8402
3.24506
14.7387
24.3062
8.61386
17.6195
12.7415
9.18345
13.4123
6.04884
5.10592
19.986
10.6266
10.7343
13.1459
6.08736
16.6993
12.9313
14.0309
15.1564
18.292
8.55418
3.75097
8.7018
11.5397
10.6172
2.4303
18.3786
14.9731
3.25618
12.3479
15.756
15.5965
15.2632
7.01819
10.2733
16.9606
10.6242
14.9902
18.1147
10.2598
14.1682
12.7883
10.2077
14.3717
15.0573
12.6602
20.0953
7.34718
9.01946
11.4266
13.909
15.6592
8.98203
12.6877
13.8577
8.17741
16.8059
16.949
18.6454
17.9028
12.1399
10.8028
16.5943
10.4434
19.3352
10.1666
4.32011
6.82808
22.4376
16.9089
24.5482
10.3867
19.5738
9.38851
11.4669
13.6817
3.02216
14.5189
4.77597
7.99205
13.9146
23.8702
12.3442
12.2162
16.871
15.6725
7.28609
16.9033
17.2293
1.31373
3.88714
6.51952
10.3199
10.2158
16.8517
12.3903
17.9867
16.1425
13.287
20.6751
15.479
15.8292
2.09186
1.06141
4.99099
10.5484
12.8982
1.36346
16.6744
16.7736
17.4163
19.4906
13.9037
10.3436
4.11269
11.4888
14.4248
8.13933
18.0379
13.3488
5.91091
12.1955
12.6761
11.764
9.90168
14.5667
7.15525
15.9592
18.2133
15.6282
16.6669
18.9263
16.6027
16.7779
19.9868
5.31332
10.2699
23.3138
21.0105
1.19614
3.47152
17.1487
17.1497
19.3244
20.1921
20.4721
12.1817
7.81472
16.3445
1.88325
10.5609
12.7267
10.6613
6.74644
12.7604
16.889
8.68894
5.43872
0.560899
0.465596
13.179
13.7364
17.6835
11.2122
15.101
7.62208
16.9142
19.8355
7.07412
1.45494
15.7919
20.6471
3.49681
5.65719
3.36069
6.44141
10.5381
14.8629
13.34
11.9604
18.0636
14.6548
19.7337
14.122
14.319
16.5867
13.8916
13.6864
16.05
18.0934
10.2929
12.9133
12.6193
13.1811
17.6609
6.07719
11.3958
18.318
22.6013
10.0561
6.75023
8.53858
10.907
1.25851
17.2188
5.17918
6.36736
6.58935
9.84948
17.717
9.84285
16.2696
15.9716
17.2393
12.2946
10.9008
5.05656
11.9227
5.00289
11.7557
10.7543
15.951
12.7581
17.2154
11.3774
17.4931
0.93496
10.8235
10.3713
14.3855
16.0301
3.14823
16.4286
15.4386
11.8035
12.7984
11.6946
13.2777
10.0568
11.8614
8.80235
17.0548
17.7375
13.3712
7.13139
14.9061
1.48409
18.7051
9.46336
13.5585
15.0454
12.0932
15.7207
14.0523
15.1141
14.4998
10.8429
19.6446
8.97149
2.40009
6.36606
13.8438
15.1647
21.8112
14.3822
0.491889
24.7668
14.4805
2.55661
20.8355
9.21802
10.3237
10.0666
7.30187
11.0994
4.96709
16.7215
13.244
12.1264
7.3662
8.7036
11.7333
3.21696
12.7283
11.8288
12.0297
12.2668
12.6091
5.5016
16.6721
10.3499
19.9073
21.682
8.50963
18.2086
12.3781
10.558
15.409
13.8211
0.297314
12.2374
19.0711
3.2899
17.6657
15.4898
15.4111
11.9161
11.7087
17.3035
14.309
16.5262
15.5272
20.4362
23.0191
19.8183
13.7287
5.22657
16.5271
17.407
19.4125
10.7308
18.9532
8.2602
9.06935
19.0062
9.86826
14.9497
13.9097
3.89254
5.17874
11.3617
5.47064
13.6884
12.339
15.4935
10.1056
7.94086
17.6408
14.5167
21.9373
13.8658
20.1556
8.44618
22.3346
17.6149
12.2944
4.12988
14.4296
5.43825
13.0168
13.9787
21.0752
10.2015
12.4141
14.4009
3.46605
15.22
4.24565
11.8261
4.02698
14.7622
13.0693
10.461
18.9887
8.36811
10.5581
3.81092
16.5946
15.3385
20.4805
11.5386
19.009
8.23641
11.0357
18.6198
17.1239
9.81379
11.4899
7.85092
16.0533
8.67269
14.7936
15.6428
15.6356
0.851955
16.1264
14.6236
4.02291
16.2539
13.6379
12.0532
17.0904
16.3497
21.3446
11.2366
7.27129
14.3572
22.6339
16.5256
8.71622
9.69155
13.6273
10.9353
12.0418
13.2302
16.126
19.6758
6.90579
16.3907
6.9722
17.3888
0.731968
2.85019
9.28782
8.48809
15.119
21.4421
20.0456
12.3323
19.8643
13.3952
11.1092
12.4476
13.0538
17.0182
18.0125
18.8184
7.48271
13.414
23.0167
13.4582
13.5321
15.1165
14.2462
16.3643
10.3804
3.23532
10.4825
20.8167
8.85762
19.4254
18.2724
12.5384
16.4024
7.6628
3.06116
10.3598
9.07517
11.2525
14.3202
11.5594
22.9676
16.8043
13.3783
8.89597
5.07678
9.85376
15.8028
16.265
12.803
6.02941
9.05792
4.86899
10.0267
2.5331
7.18625
13.3317
12.0218
13.575
16.78
21.8027
14.3873
3.11606
5.47256
11.0216
15.9
14.2675
19.7786
9.65143
12.2948
1.40002
17.4425
20.2447
12.4143
20.7822
15.9833
20.3256
15.3735
4.52228
14.4846
11.2333
6.67155
9.77793
13.2493
20.168
2.13599
12.7444
15.7595
12.7275
1.59101
17.5214
15.125
21.1457
1.35001
14.647
16.4071
12.1264
1.86833
9.26173
3.70368
8.61608
16.1422
19.7529
18.8103
23.8679
18.3535
12.1829
20.8534
8.71902
13.096
9.04239
20.0115
17.7859
5.94244
19.0582
4.07963
10.3755
7.4844
14.7621
17.942
3.05952
13.8326
7.07318
10.9143
7.90614
16.336
13.1607
18.1413
10.5165
15.5163
16.1838
7.80964
17.7873
8.71688
8.28811
17.3137
1.45566
19.5792
5.31592
17.6274
20.9232
15.4907
22.454
15.0864
15.3005
13.9309
10.438
18.0191
18.8295
9.09084
15.299
15.5885
1.46779
17.5419
18.6173
16.42
3.75877
16.7418
14.7349
20.7676
5.34913
7.36463
15.4699
15.7214
9.51148
5.21535
17.9957
9.3192
2.38634
9.66836
5.09575
20.3645
13.7832
7.27444
11.4304
12.5103
19.4641
5.79292
12.3486
4.81264
7.3768
10.9563
13.566
15.7445
16.0182
15.2144
12.815
14.9239
5.92274
8.17068
11.6301
10.1383
17.2074
4.15028
9.01226
13.3319
12.788
16.4296
17.3543
10.6047
9.85848
6.51297
18.0032
23.2808
15.5072
10.4298
13.64
19.2575
12.8441
7.67217
1.14385
16.4912
11.5853
3.88616
12.8485
11.6814
15.5437
12.8547
10.8556
2.06896
18.7122
6.88166
17.4656
3.43989
7.50994
10.4769
13.1372
19.7701
15.2472
11.3105
21.6286
3.02486
9.40438
4.2662
11.1302
11.9535
16.3039
13.6908
4.45847
19.949
6.02752
14.9035
9.04625
20.3764
15.7282
18.466
9.08919
19.7183
15.0004
14.0523
5.97039
17.1673
5.17125
11.0253
17.5686
1.19321
12.8816
18.475
15.5714
14.3684
11.1515
21.4555
8.94187
17.5672
11.9469
6.28562
5.77356
7.09597
6.0186
9.59866
6.42305
12.2176
9.60666
17.9146
8.15124
20.9511
14.4437
3.44357
18.7862
12.9786
10.6226
8.31218
16.8929
3.70599
13.1405
16.5304
17.5016
19.1151
21.5221
8.89717
20.9666
2.05635
16.4788
19.3165
7.97226
11.7394
16.4176
19.0608
12.8089
17.7675
7.94016
13.1052
1.33609
12.2776
22.1288
16.2737
22.2112
16.2998
17.1605
7.98759
17.5342
18.7246
5.10116
13.0774
13.2225
23.2458
17.5488
20.9445
14.685
9.69744
14.0731
4.85486
0.790549
5.82495
18.5358
9.00358
3.86933
9.27893
15.961
14.1976
4.6713
15.2429
24.1273
8.62339
14.0687
16.7202
1.26839
9.438
16.1997
7.10323
9.32379
12.5925
9.50257
7.1031
13.9034
15.3187
15.4245
14.3368
4.71138
16.9614
5.26587
12.4495
12.7614
16.6198
21.4698
13.4765
13.5011
11.9466
14.5792
9.63032
17.1553
16.6634
13.8794
13.1272
12.0964
8.86024
13.7591
4.83783
14.1779
0.958361
11.7043
16.6188
1.81758
8.68643
12.8437
22.5485
13.3815
12.072
8.3466
11.622
8.05201
19.9713
21.8232
17.1123
11.5661
18.3894
13.4509
16.2601
15.8484
16.0948
5.10796
16.0763
16.2896
13.9527
3.12303
10.4256
18.2722
6.68269
2.27859
22.4121
18.0576
18.0523
16.4944
14.7653
9.7618
18.2717
10.6673
8.57546
16.5145
16.32
8.01241
18.3549
14.9995
3.3844
1.79341
4.98769
17.7991
8.82784
21.2237
14.0305
14.4285
17.3038
2.91474
12.6935
7.95354
9.81226
13.9113
15.1139
11.7875
14.8884
10.5859
16.2116
17.893
17.3635
16.7268
16.9838
16.7032
1.31428
4.64519
17.2096
11.4988
4.73204
17.9645
24.1219
20.0197
10.5282
0.964091
2.09699
16.6228
22.1761
11.9323
14.4573
9.05895
1.21964
12.0337
8.36435
17.745
19.7728
12.5497
17.2307
9.54882
16.9814
11.3154
6.66513
14.6646
13.5551
18.9742
16.3301
14.3543
10.7147
11.8603
10.7576
22.2785
22.9697
15.3627
2.95737
6.38376
9.37233
4.4574
7.44293
1.91636
0.809107
15.5897
12.4316
12.7916
13.1576
20.2444
19.0418
12.9202
4.97582
5.97744
12.6123
16.7186
17.095
2.24047
3.99328
3.06003
18.5464
15.8092
9.97869
10.1729
13.9002
15.4224
9.42453
13.154
17.5193
17.1884
17.2407
5.72124
6.56852
17.1986
6.7059
8.19404
15.4231
14.3802
6.7886
20.4786
16.8747
8.83167
16.2091
16.5012
16.0008
1.17788
15.1824
12.5223
7.49311
2.93171
5.8415
11.8038
1.95865
18.8922
15.364
15.3802
15.8765
15.2656
13.5348
10.9976
18.9127
10.5086
8.58675
15.866
13.9483
8.96443
8.95825
11.1086
0.710428
23.0559
15.5704
8.08373
5.0145
15.0165
13.9267
13.5594
5.39523
16.637
12.4513
14.1982
14.3939
14.0272
23.2648
8.82352
14.9625
21.3291
15.2669
8.95505
19.8706
17.0093
9.67806
17.34
15.3407
11.9327
1.98872
9.60464
10.8109
11.4059
13.717
10.3606
17.8741
8.64709
16.4672
11.6202
4.41359
10.8223
9.02966
11.2238
10.197
16.448
13.1081
14.3448
15.6529
7.96472
15.1265
3.26223
13.7491
12.6669
10.3519
15.2917
16.8926
7.12169
11.6837
8.97871
11.1677
2.56104
10.5455
15.8427
2.60701
13.5322
16.2482
16.1968
17.0506
13.2976
4.76873
17.4634
18.6466
1.07431
10.6774
8.18193
11.465
14.7713
23.7151
20.8088
14.4634
8.5588
19.9806
1.261
10.7468
18.0679
20.0946
0.468703
13.4678
8.97622
9.35959
9.49614
13.0484
18.506
6.83311
1.62038
2.94981
10.6157
9.80784
1.80027
1.61122
5.01485
18.0393
16.5693
18.248
6.22867
17.264
11.733
7.68958
15.1136
18.0968
17.6176
19.1429
10.5133
16.7151
18.3996
20.7063
11.7521
17.9149
17.062
14.5661
12.3082
14.2787
17.6178
15.2143
8.61464
22.1878
15.6023
17.1098
4.4079
17.5005
2.12192
14.141
15.8426
1.77831
7.39427
11.296
20.7971
2.96943
1.11309
18.6309
6.41254
19.6027
14.1734
16.2143
2.33224
3.93062
17.2714
6.38009
15.1356
8.60688
8.86893
11.7342
13.1723
17.4588
9.8709
17.2253
21.2923
18.2536
17.3606
16.0971
11.1371
14.4183
10.6935
13.5683
15.1545
19.7752
17.3862
10.2457
4.35745
9.61176
12.4219
17.3302
6.73557
3.66891
14.8474
16.5637
16.1396
14.4269
10.9062
15.5349
13.4401
13.3599
13.5171
16.3822
20.7561
19.2079
18.2339
21.0945
1.01093
14.4934
19.2165
7.77347
4.73892
14.1316
12.766
3.99965
10.1431
10.4983
14.0539
11.4653
3.10587
4.608
17.7281
12.6987
18.7289
3.00238
18.9748
12.9533
17.1196
16.3284
12.2414
16.9704
7.42359
15.9453
1.53372
14.5752
21.3976
7.03598
22.8332
19.8546
16.9411
17.1694
16.9027
12.8828
12.9487
9.67042
6.67431
10.3365
15.8524
5.62532
22.414
4.31594
4.84773
0.340497
12.3158
21.2729
11.29
16.6568
1.54376
15.5166
19.9036
15.7233
17.5487
18.9658
2.15232
18.1387
11.1703
17.2602
17.5691
0.919216
4.5974
18.3914
20.0003
24.2074
16.0692
14.4439
13.1084
18.169
17.2114
13.3941
8.43356
21.9858
15.5147
7.95173
15.9829
9.96479
13.1484
11.8019
3.40872
11.268
3.10171
22.0086
19.6264
6.38281
14.9302
2.67927
17.9637
11.7106
22.5853
19.4292
0.56019
5.85317
16.5107
13.7312
8.53285
17.426
6.46379
11.8421
10.5951
20.6577
14.5179
12.6145
18.2932
9.4218
14.7303
8.08338
7.35204
15.8222
17.5886
5.75534
12.9396
15.6802
4.68269
14.797
16.8243
16.1867
12.5784
14.6942
17.888
19.3926
5.74943
8.58683
20.3889
7.04531
21.9467
13.2797
17.2143
20.2504
10.8007
11.2093
11.8506
2.7253
13.4345
23.3631
7.42734
17.1422
18.5166
21.5984
4.7319
16.6543
1.40381
14.3781
11.2723
23.6104
7.22775
7.2592
10.5597
5.09134
6.62211
14.5226
9.10348
9.85
16.8664
21.7225
6.56172
17.5463
5.51461
14.196
15.2945
14.7011
11.9373
8.68493
18.8646
21.3011
8.60335
3.62283
7.10115
14.7259
18.5082
22.2021
18.4096
5.1661
9.72097
11.1951
3.70152
9.86488
12.3897
7.61753
11.7373
13.7035
18.3661
8.29819
8.11823
12.4779
0.957948
7.89318
6.79104
6.50923
11.6973
15.1648
18.0393
14.9411
15.5195
14.5453
15.6545
23.5751
1.17041
10.8247
16.3544
18.5737
17.4356
12.5718
16.3861
15.8486
6.83298
2.10884
12.3242
17.3623
7.67519
7.62262
8.84128
14.9621
11.4778
12.5802
11.2102
11.5789
7.59083
16.4789
17.4453
7.93913
9.86249
14.5093
17.2768
5.91478
13.7801
11.6545
10.3709
15.7825
0.721326
5.53813
16.5301
12.3987
10.6722
16.9496
0.348343
16.5463
5.30171
12.8682
17.0397
17.2666
9.22976
11.2763
10.4767
12.2931
16.611
10.2449
5.22472
8.05223
3.58896
2.75897
7.91251
7.48431
10.7073
6.53938
12.5312
16.0204
3.80654
14.419
14.2836
22.4799
4.47914
17.8686
14.0771
16.4708
9.04974
10.1895
17.6927
4.60722
13.062
15.4242
19.2524
10.9266
9.7352
14.1123
13.315
14.2257
10.0402
6.14786
13.6065
17.3785
12.6768
3.2844
14.8351
10.5
14.6252
12.6014
4.85125
18.0871
11.2558
13.6742
0.312229
15.5822
11.8616
8.94226
14.2096
14.9409
16.1947
23.0286
12.4576
14.706
9.2805
14.1127
12.5539
11.0161
7.25439
13.3218
9.23236
18.5339
9.95874
6.95585
5.56656
7.93789
3.17715
8.02703
18.7783
4.21758
16.8619
24.738
5.97544
16.4838
16.2034
4.56902
19.6662
17.3512
8.11333
9.06997
19.1013
12.0127
19.6835
16.1244
9.54747
9.77452
12.3731
14.6449
17.8955
14.5223
18.9944
22.7213
15.1824
4.57583
13.0253
13.4922
14.3869
18.2483
17.5008
9.5499
16.2404
14.7902
19.4079
18.0636
1.61367
16.9923
18.9348
21.8659
12.6894
20.5341
15.6389
3.52778
12.9158
10.5945
15.4959
14.5846
5.59326
4.618
17.3426
8.552
13.0875
5.75602
12.6014
19.0793
8.33661
13.4711
15.6249
17.3889
10.0544
17.4329
15.0249
14.8804
15.17
4.54748
1.46636
17.6505
14.419
14.3502
11.7205
13.5763
3.36196
22.7284
16.7167
15.1215
12.1917
13.1803
16.2513
6.84228
3.43919
21.3649
11.1825
5.65986
19.4256
19.4481
12.1497
18.4799
14.2377
16.5645
14.4253
17.258
6.39124
7.85954
11.4933
12.6979
5.54027
19.3699
12.0714
7.30097
5.63701
4.69195
12.3078
9.51819
16.3552
1.58799
12.9292
11.7312
19.0621
6.08794
12.6587
14.863
18.5666
3.62782
12.3002
11.1277
18.2602
17.9764
23.4655
8.24435
12.4549
10.1954
21.3881
19.4225
20.4691
17.1682
10.655
8.84705
16.1912
2.78741
0.971304
21.7636
15.3596
20.6765
10.2846
21.2788
18.8918
6.85382
15.2552
8.11963
4.84595
4.99712
22.3146
14.5722
15.6968
15.9035
19.4812
15.58
14.7691
9.37307
7.67241
3.81936
11.3024
17.3642
7.98086
6.20598
16.808
13.7062
7.54232
15.5153
15.7287
18.6592
20.438
12.1625
11.9396
10.6649
16.7824
6.24831
15.0155
10.6265
11.7264
2.20414
15.6124
9.42136
10.0494
10.2067
19.1
9.39937
2.74564
12.2303
10.9681
14.4382
17.0569
4.77001
15.2314
17.5059
7.61861
10.8547
12.0511
17.8188
19.3813
6.88966
22.2727
17.2172
14.4663
12.459
5.78487
4.88698
8.50399
9.0056
18.5509
10.5481
8.22602
10.1969
2.65722
15.7301
7.30841
15.3067
12.3053
15.7408
7.37955
14.6251
6.67138
10.7599
18.3864
17.4721
1.36892
10.8656
14.6542
16.8445
5.9305
9.46313
20.5414
10.2023
10.5679
16.8027
6.23663
16.4021
17.6275
8.45838
7.29328
14.4353
15.4767
8.67435
19.4694
5.27965
5.95758
16.1027
15.1668
12.0112
12.4872
17.1333
5.38635
18.9023
18.6618
15.3917
7.86854
9.46155
16.7293
8.81713
0.539424
17.8075
13.5598
8.716
5.12473
16.5549
8.92297
9.01903
18.084
11.2455
11.2311
16.9263
12.1208
5.9695
12.9981
14.4696
15.1981
19.194
14.322
9.39281
11.5007
14.2848
5.34042
9.82689
15.8829
3.58044
19.6101
18.5562
12.6706
15.7399
7.6394
18.9942
13.8938
19.0281
5.43742
11.8182
12.3903
17.8195
18.2041
12.632
15.2517
13.8281
15.5707
11.4466
12.3072
10.5462
17.3852
7.18604
10.7057
23.1646
14.6421
7.30913
10.1232
13.3047
15.3837
11.3509
14.1654
19.6725
17.8328
19.8477
17.4575
10.1651
18.0348
3.93318
15.9887
19.5631
12.9295
18.7673
4.04408
13.2478
11.0559
4.05038
23.5986
16.6069
1.32419
9.91993
1.46793
18.1923
16.463
7.21879
13.0097
10.9036
6.95173
13.0368
17.3851
6.55443
4.05745
3.74529
6.19139
13.1142
14.4985
15.2997
8.79236
5.5154
16.1174
9.26575
16.7425
2.84289
16.9791
18.5651
17.3893
9.44078
20.4452
17.8571
4.61297
12.4952
7.8237
23.9414
7.77102
17.4367
13.8806
17.6071
21.9524
20.0117
9.99789
16.6782
14.4717
16.8479
19.366
14.0288
6.94623
10.6276
18.9279
13.6461
13.7454
17.3817
18.8624
9.3396
3.72824
19.1316
16.3516
18.237
6.21439
22.0366
19.574
16.5304
15.9523
6.99247
13.4632
1.77916
12.6011
17.7831
3.12541
19.882
13.8674
9.94795
13.6923
17.9205
20.4951
15.6994
16.1551
17.1024
7.62496
17.85
14.4557
18.0561
18.3348
9.71894
13.4319
13.4413
11.7493
6.77717
4.33381
24.0943
7.55736
21.8666
17.3688
11.5451
14.0337
21.3522
17.6107
17.6978
2.62718
8.43219
16.2561
18.7431
20.2905
13.8458
16.701
14.506
15.0114
12.4511
7.35135
7.0154
5.68128
17.0738
8.91485
10.4365
11.1324
3.35961
14.7801
17.6224
16.0792
6.96227
12.2763
16.3564
15.4446
19.5066
6.67422
14.8074
13.8719
3.26928
15.4433
13.0726
22.5945
15.1173
7.68936
14.7841
10.6906
11.8678
11.8258
20.9046
20.9447
12.4708
19.6676
18.96
11.0939
16.1879
16.0484
9.54466
13.149
4.87602
16.7024
17.9165
11.9906
10.7929
12.2852
3.22634
17.5526
23.0529
17.1397
22.0509
11.9202
17.3606
19.4575
4.49202
16.865
16.9771
12.6624
12.989
9.10542
18.2081
18.4492
18.0267
18.9048
16.091
14.9581
10.8764
13.0947
17.4735
13.122
15.777
11.467
17.6163
17.5413
22.7458
14.8337
22.2216
18.8239
13.2681
17.8456
18.0781
5.34924
18.7103
4.15463
3.02552
19.8721
13.8134
16.3194
6.40332
16.9669
5.78968
18.8283
9.16376
11.6865
16.0008
12.7172
12.8982
17.6767
19.4279
12.8388
12.7214
17.1764
13.1993
17.3453
17.6416
21.698
14.4742
18.7516
17.1953
15.2433
21.1896
16.0811
11.938
16.4198
22.1316
11.6979
3.3493
17.7585
18.9448
18.0053
3.80021
15.3372
11.8511
4.39075
15.7022
10.8547
7.27777
7.95897
13.1578
13.3987
13.3041
20.9809
12.5631
17.6582
12.8229
14.9193
8.34799
11.9569
9.65145
8.74974
15.6891
16.9024
8.13584
1.89289
11.514
17.6685
8.36536
22.0954
11.6245
14.4776
10.3347
18.3567
6.47413
20.6006
12.0757
17.9947
19.902
15.9067
16.2574
2.1813
7.71272
10.8745
17.401
15.2525
13.3622
19.6626
10.5319
8.02757
17.9025
2.7406
13.8947
3.35701
13.9184
15.8421
6.86477
11.3402
17.0721
15.3303
7.25316
15.5615
7.5784
4.52141
17.7112
12.6591
6.91355
16.2422
9.22645
9.05132
8.63742
15.5867
9.74631
14.0073
20.4969
19.1447
1.7893
17.7812
20.0503
1.48827
13.1363
15.7805
14.319
6.6087
14.5384
15.6883
7.0903
3.95274
3.03565
11.2651
11.2242
15.1812
11.8006
12.5167
12.0704
5.87531
8.75123
18.2541
17.3937
12.7598
20.9399
6.02279
11.9508
4.73025
23.2606
9.40654
9.54364
12.11
12.2557
13.5761
11.8897
16.2918
12.4689
