0
0
0
0
0
0
0
6
6
6
2401
0
13
73
0
5
13
4
17
13
13
12
12
73
16
33
173
9977
662
0
0
379
19
6678
20
667
0
20
1094
1116
26
57
45
720
1939
5777
7220
1162
49
20
1836
109
1572
6924
26
57
108
140
0
662
874
0
32
6356
41
7697
2
57
601
2651
3763
3525
7759
0
2227
50
7190
0
127
0
24
828
0
55
4060
2705
123
752
1115
9334
455
9919
17
900
3253
6975
35
345
9448
5215
8320
1404
5580
28
2651
197
67
180
55
9195
3559
710
42
33
8045
1664
706
1030
9026
12
5794
103
334
5597
1177
19
7077
3
9183
55
769
4186
67
2957
3941
1670
448
958
653
132
3
4004
83
458
524
971
8872
236
760
130
103
44
3409
508
690
3470
24
51
7315
4483
6898
417
437
3663
448
44
792
3795
851
19
655
0
4222
66
773
49
569
8037
5642
2874
717
424
1910
73
307
83
3940
2877
8395
546
519
1526
1152
1641
5854
2202
113
159
0
125
54
4023
2261
3803
5823
6416
1916
1008
6924
0
5318
412
139
7979
25
6205
2426
7538
3
3605
1358
1207
499
8501
494
3361
3610
562
2658
471
156
2715
55
1677
8263
4058
20
3597
0
7178
1863
408
4
50
9535
243
55
86
3262
514
86
21
9373
3254
9343
372
1293
161
6670
2415
4090
9373
7190
4278
3698
4752
7758
4448
4528
1449
3361
3610
614
286
6293
3069
630
665
136
810
94
424
0
1059
551
96
492
147
4013
2771
5228
5174
3160
4916
1155
834
85
9879
7
698
5319
364
1936
363
3216
140
1059
206
4346
211
1317
7526
1628
1999
7557
1035
1434
3952
116
4019
2056
105
258
243
1931
437
900
8346
1879
0
9292
304
1501
708
465
6975
6192
3114
5196
8573
6432
55
7634
4633
4637
2408
212
138
130
3610
0
329
3610
6687
8977
412
845
8649
1000
1355
733
471
185
143
173
4654
2779
341
1033
1733
5635
2548
315
4769
4329
3152
388
1152
562
361
286
7030
143
6467
8150
1436
804
5257
664
5915
1032
2725
5576
304
4
7899
1569
7363
7305
2349
4698
15
720
4323
2730
5303
1764
8456
160
204
3176
8601
140
502
2401
2285
1175
432
2175
0
3762
9370
871
4722
301
657
2498
630
7862
630
2725
8320
2979
6997
4691
1397
241
0
2018
417
2162
1613
2880
355
73
285
3337
1968
7028
1396
4588
4654
3795
3928
8541
97
3843
9315
317
364
7662
1982
3716
145
5934
109
1501
3930
7563
578
4
6637
546
492
9696
591
3
2035
2160
4907
4406
392
4373
80
1097
127
6821
55
9244
3187
492
8054
54
1289
444
17
4633
8437
355
317
287
5367
36
428
1459
1764
6187
23
7570
5996
8889
7874
6601
325
436
1185
9
1585
7440
3597
87
17
6254
304
3409
2494
1326
1734
73
309
9836
487
8264
4435
252
665
213
1231
139
6268
75
2702
9259
9294
6797
2076
329
8290
18
2614
634
437
1370
6955
19
301
667
4122
2645
4779
492
6835
6
2612
9034
164
1342
159
1119
57
7759
684
7506
492
1101
847
529
162
15
33
8105
4477
65
1895
7561
380
1426
346
3610
573
467
159
4143
4787
32
0
9419
1027
2521
0
5218
5723
7089
3079
2832
0
3407
7
197
2087
1162
7437
7196
922
627
7776
2905
3979
3419
7195
2521
0
3610
0
1084
2318
896
424
212
5255
341
1013
429
3389
213
9828
5311
8152
844
6280
1231
9112
614
689
65
272
2050
1172
5880
656
9616
5575
4951
176
8647
569
88
150
9
0
9036
930
301
4962
9620
555
2631
8324
3276
7987
419
9077
9389
507
1096
2983
64
1600
1326
658
5495
134
384
492
338
153
2261
9586
250
5228
595
7758
59
698
29
1606
980
6668
1226
0
2023
17
8131
975
717
1747
232
9426
673
852
363
26
1684
4958
3477
0
4124
485
8555
7844
2277
3441
417
6514
3135
7873
3112
4364
3742
9568
9449
401
6539
1071
2865
5159
5675
7895
4320
2030
554
394
628
5848
296
172
436
6830
368
8313
7813
8036
392
780
80
828
6262
781
5
9769
6355
8601
9364
4450
9194
1426
21
101
2037
300
1283
1153
6339
8767
0
1605
909
8637
6533
8904
42
171
9182
279
2415
627
3818
275
2109
8191
167
2299
7674
7099
428
1173
1453
437
1194
7197
204
5784
845
1013
1054
4989
1049
2521
9429
1068
444
1571
224
1585
693
2168
198
3220
4905
285
524
351
3139
0
162
917
7781
839
482
101
165
897
8437
4019
4360
1962
1619
52
6339
9418
6830
1794
9534
766
1749
3762
195
684
1439
32
55
334
327
162
828
2981
2299
5536
4720
92
567
9867
698
6132
73
5087
3269
6882
1219
3360
0
4426
5441
766
438
2802
971
1092
871
2485
1606
1119
4796
2416
851
3269
4346
675
7230
0
730
93
191
1207
8197
243
8955
221
364
3
845
9194
1341
3769
437
1303
1772
2558
4585
814
467
5230
1241
1434
171
2293
1501
268
258
2944
573
219
781
6793
2612
613
1501
0
296
6671
423
186
37
6745
5995
7206
1398
6339
9122
296
7858
9675
7242
1665
77
4202
7575
1879
8193
1788
8885
232
446
874
7402
7212
711
0
1423
4493
2646
1670
2690
1539
3536
4584
5094
312
7935
1447
745
451
507
189
1945
7847
8938
8349
9489
213
1635
1410
1050
1871
9134
1582
9900
1140
9188
1613
6
4344
292
1118
7317
2189
699
424
29
2202
7255
2203
1618
159
7445
8717
1145
947
693
2860
2318
5691
7251
930
2076
6324
103
658
4550
300
1303
2535
8780
8428
5994
212
1711
355
514
6373
1433
1439
482
2693
1110
664
8653
690
835
256
1160
372
5686
249
1762
4861
6482
1094
676
79
9125
346
6369
6141
4214
193
3243
3143
505
1875
2102
975
129
2267
5331
6520
5503
513
976
9585
1433
88
5580
7952
5290
7192
6013
5727
667
922
6212
372
2528
565
5280
299
8882
56
8669
1982
2840
4949
8856
5921
153
6328
3028
1028
3660
6529
2428
195
1302
2318
15
9
826
1765
729
48
6661
4391
4202
1645
186
4264
361
2819
774
614
1914
5082
111
322
555
4556
232
78
9919
741
52
1158
474
111
213
8952
7382
4528
682
3538
2416
976
1341
1456
1765
3157
7318
2526
8015
149
1181
720
166
1448
4009
136
1868
4359
780
1518
9513
1080
8371
3240
4019
150
6332
1481
918
0
6718
3736
2195
3580
2308
7434
1559
1513
516
2350
58
212
1437
2080
6002
2380
9315
3156
4710
2226
3843
785
6693
427
5840
9786
3063
9641
3402
6961
5536
7986
491
392
956
149
2538
971
7263
112
706
804
927
8143
4897
77
5926
372
18
1037
6787
1456
646
4202
5118
1863
401
5905
1141
9780
8498
3645
3917
5473
7580
4753
7235
5096
3262
7890
2585
200
0
4033
975
675
355
1253
273
426
1754
9534
1364
900
408
4742
1677
8574
3136
7875
4882
4828
4789
1924
4587
2743
922
4145
8747
4916
8637
1138
492
9518
2548
638
2005
2032
2451
1608
2054
0
3059
4198
2088
6327
4812
1232
1350
710
334
887
4673
1178
4664
7801
2139
6262
1904
2840
3061
2415
715
1302
6398
8961
892
681
151
992
1420
1006
9180
1571
3
5311
3645
844
708
101
7875
604
589
7174
1398
4636
8496
1545
0
1916
8644
1713
1396
2825
4
3323
4840
1559
4977
1390
2469
291
4535
3347
9315
9195
4921
5374
413
7150
8605
1547
876
8054
2592
256
7260
659
4222
83
8044
1264
1527
1420
712
42
1357
3001
554
3627
58
55
6204
5118
5590
9193
9616
1185
46
278
7461
1000
476
3900
1989
1587
2286
248
2886
2535
232
2261
7649
5590
2760
7192
1768
5535
1342
276
1168
1936
1931
11
6945
3235
196
4633
2379
17
3119
1755
4349
768
2607
4292
57
9352
49
3627
361
9644
2566
4604
662
3922
6579
8120
834
6512
66
1449
2802
379
1041
7053
4032
5420
9195
2348
9161
2604
2696
1453
7149
3089
1704
137
8217
359
1827
3473
7209
2705
9411
1605
1059
155
2862
1081
2562
3327
4691
232
6616
2511
2523
524
3192
32
2555
8926
6799
1824
2005
9958
2292
627
6788
324
891
493
4150
840
135
2266
658
1592
5176
176
6518
3532
341
2645
5701
7811
1385
2256
4517
1169
1397
1295
8208
5609
159
355
1242
4142
0
4897
4572
1712
717
1426
1026
471
3252
130
3618
2389
1077
187
711
5497
9450
593
1138
365
7019
1875
729
1216
132
927
8219
1830
198
2469
975
1287
3389
9270
1547
8049
1630
3136
42
565
7836
1816
8801
3553
4651
2848
1612
6035
3859
3772
326
35
1368
1585
1940
5879
3796
1357
8671
9238
5203
2945
4787
15
2094
73
6050
647
3609
3218
1571
6860
4454
5665
196
30
7271
1337
1662
8801
4110
1000
285
1606
7039
7883
8798
87
1526
2678
8727
715
269
468
2010
7471
6876
7982
173
2389
185
767
187
920
1104
8767
8896
1182
9615
1591
893
184
1906
2725
5965
1309
7660
1755
272
1351
1032
4765
944
5166
161
3967
2725
3433
1203
6231
922
740
8884
3378
312
4917
5011
0
5686
3192
8116
2033
1794
7497
5113
5280
1119
358
8537
7251
4691
9382
222
6304
32
1351
8783
1592
1931
8105
36
2740
1177
2860
5420
2309
1165
4332
1952
2197
3431
2938
814
1418
1670
3584
785
17
1176
364
204
9036
9617
2139
9197
333
5419
276
5
7344
6904
6205
2484
6237
1294
3836
1626
776
644
5067
2380
1488
2492
552
698
4152
8537
5632
3928
7506
1194
8643
64
14
5
2391
2415
2679
6020
3
781
143
401
1104
9026
1289
9469
3809
7356
3959
358
4223
796
2669
3952
492
2646
7437
3
7895
970
9938
1963
7860
1700
1872
1138
9720
4556
1776
116
3253
1035
1205
2659
3394
1173
439
9391
3108
256
891
887
1677
3457
637
380
8168
1189
3937
3187
692
6108
444
768
3307
165
99
2768
2788
828
2692
15
9347
3039
1585
1238
8
746
9298
1379
5307
5441
4679
3930
7457
227
2025
256
1687
6591
3763
5437
3265
6168
9062
626
1008
658
1449
5049
738
4503
2905
122
4122
1199
1573
1843
360
2427
5089
1396
4724
2427
291
5
7935
390
6042
685
5159
3405
1782
674
1263
1464
4295
2187
58
8184
5846
7551
4249
1378
8168
9804
897
766
7560
6719
7152
832
5686
461
1650
8605
5388
7923
59
896
5179
7551
9413
13
776
5703
1712
631
8248
6618
2088
565
7711
3439
2104
2744
6320
2555
6973
6493
2296
6199
2411
9912
2690
5
334
7306
2058
1172
912
4128
9371
631
5880
4202
4094
2444
2
7558
80
427
9324
142
1628
2198
2650
548
8304
2678
1013
3831
2559
9042
2256
2344
6491
24
2354
2479
1400
5660
690
2076
2428
8763
2758
1963
1165
3389
2035
35
7185
2126
9519
3955
1794
2856
3239
57
3796
7286
5948
4996
7074
3139
2563
4286
3330
2691
1089
440
3723
2979
813
5061
3514
2740
2044
2725
6630
2279
448
516
974
458
341
1807
7
290
7093
1205
7143
1070
7119
2404
7195
571
4028
6654
4024
8902
481
1714
2997
4977
1151
409
5886
7788
838
0
9534
2224
6410
1595
5498
57
2228
9503
3308
827
424
5046
4183
2169
39
21
1097
9140
176
46
1583
50
1049
887
605
8037
1768
3267
1067
1446
7868
2214
780
3515
1350
983
1776
2318
1151
55
77
1635
1764
583
9180
2095
1231
9715
1278
1413
6682
5969
7813
396
3010
1801
3385
929
2360
9413
5288
1175
939
7755
819
1645
5676
8346
4359
999
573
575
1488
3039
2408
1283
3431
2150
4386
3591
9701
6683
269
2639
1379
3528
1062
9049
4014
592
476
562
0
9135
186
273
3082
1058
7956
322
3139
7887
1972
25
478
2830
3626
1048
468
1176
494
20
5834
7507
3112
1487
9754
3796
5190
1488
176
4226
7642
384
232
1600
3479
5011
1111
2597
347
3388
2482
2347
3148
8546
1891
7195
46
499
8533
9
3139
8105
9594
5794
380
1008
494
4540
1084
279
7869
5108
3618
7082
2175
2470
3418
269
6537
240
2460
4593
3879
9405
6375
2114
176
3781
867
6903
6547
2292
684
7696
4
1496
8692
2480
2808
4535
4415
8748
9318
524
9600
3998
274
2814
4284
4951
887
4719
1577
3686
32
18
1436
5519
73
1138
1753
132
4282
5887
394
4584
1173
700
3235
9563
8197
351
2348
1585
1028
0
1034
227
4221
6835
312
3207
6548
851
930
1909
9345
5597
8013
3255
3357
927
1573
503
5113
6955
2461
8224
1948
2093
9325
31
269
1820
708
3302
309
9482
2359
8381
166
1310
1413
439
7620
280
2088
5701
698
6661
4776
7236
9320
1913
1013
5766
3361
109
1132
3947
55
170
704
1390
498
3389
2607
8395
3917
4201
2286
7045
3226
97
676
1836
4264
1316
1370
206
1006
2309
6993
2459
1477
7131
1411
248
731
1176
9108
2010
5166
5379
2835
9429
1966
2858
3201
93
7926
4741
66
6443
7382
1542
8926
4373
153
2128
1168
8456
2123
3548
2432
3023
5472
20
358
5283
334
5601
326
2338
276
657
6267
8441
3730
2705
136
9382
5689
9411
1241
2885
257
4342
1178
9222
5806
1991
5065
4348
27
2886
5373
1359
7371
9419
982
3058
1867
4120
5318
5215
5046
7007
2768
9785
492
7987
7889
2300
639
7009
156
404
4245
1488
1967
32
170
5822
9161
1357
199
554
708
4572
3029
227
280
4
3763
7279
892
4364
1711
5444
450
9
7956
1319
1816
5360
8026
1856
9365
1620
6922
2121
1936
245
4056
894
574
2677
2207
2486
1359
2178
6083
1084
9931
217
94
425
9614
5556
1654
8165
4917
9435
8000
1140
733
1608
1708
9259
4074
7391
6523
4533
1071
5832
4749
4962
5277
6327
3831
385
2803
4553
334
2363
748
1275
5528
4844
1327
0
57
6835
7575
8333
2379
66
5576
9515
1572
2511
5886
1248
9234
1664
1327
2242
7899
8197
920
3449
74
1025
4685
1357
4351
2862
5547
9273
806
953
6
0
2594
149
1456
607
4679
6024
2286
9627
86
6416
1618
2007
2614
4038
172
8246
1175
5367
9046
1096
1549
7609
6
132
3036
5964
760
5508
1734
1096
1936
4981
5334
7383
8218
1655
55
780
3859
2363
2168
2435
9780
1886
2454
8635
3900
993
971
1931
222
3255
1688
2134
1700
3089
5685
1108
5220
5754
4406
1097
2522
8641
11
2383
2168
5976
6043
961
4587
474
2114
2379
7915
4734
4757
0
485
7133
9683
8186
408
1969
3956
851
5980
1837
7461
4487
5008
681
2244
5555
3584
1508
290
1668
1081
2
1344
9753
5145
887
176
4578
798
2563
662
245
411
426
837
5782
6215
5319
7946
7010
5839
7005
2087
6197
960
1433
1781
2032
3610
8860
9364
494
3515
7207
6047
7358
6660
4339
535
7255
6412
4255
2000
3581
16
624
592
1846
3170
5590
1607
1480
12
6123
332
1035
2076
2297
4286
1613
9535
212
2076
379
1615
122
1443
5314
473
8
2760
5994
1343
7795
8812
1464
3097
241
4252
5496
695
733
8111
40
6260
2915
720
8747
7573
196
7570
6344
7450
7704
5908
6972
9323
2614
921
9881
3673
207
277
6199
4181
2650
2336
7041
1033
3354
5794
621
971
4731
4164
6025
969
7939
1613
637
9553
2603
3441
8430
4048
57
6666
4028
9022
3949
2716
4155
3661
3210
4816
4605
491
3958
2416
250
282
6922
1379
8256
6334
2025
8300
2347
25
3770
9118
1598
578
5598
2241
5031
6316
8931
2482
2984
6636
3130
2631
927
291
94
3197
4344
9935
711
4615
695
534
2050
329
4240
161
109
1364
1390
174
20
287
2366
3390
9482
3893
7327
5264
7096
1608
8989
9890
3892
7843
6697
6392
6876
5288
2309
80
634
372
4900
7498
455
2541
2076
3593
4770
17
7441
59
2088
8208
6280
2988
298
1662
8142
1972
709
844
2885
2204
9572
3585
7398
2947
5482
2261
7883
140
8314
1233
7935
3250
2569
597
3112
1037
86
603
921
907
2691
814
1169
766
3119
7570
3532
136
2496
733
9244
7230
7536
5182
25
307
2277
5955
554
1584
38
1575
3550
2944
107
3000
2242
74
8137
9022
3523
5407
1256
0
5574
2886
2386
2294
611
3101
9235
9022
315
1673
9392
1351
5718
5026
7
995
2294
43
2903
2464
1761
1641
1496
1078
5046
5583
3443
1798
597
87
2743
279
56
2975
157
4375
159
394
2705
6858
5968
1596
2945
8753
9537
6596
3035
4343
417
1591
3755
2562
2738
1343
9620
3
8276
1644
3234
2106
9645
2778
6008
2037
2029
4235
429
143
303
2085
960
132
7248
1455
5371
3215
4083
8753
924
1914
6197
728
6246
6985
5372
6098
3673
6064
7692
227
4927
5858
5691
2696
6970
6122
2299
2764
1539
2365
1235
4644
5832
3896
4150
307
2131
3704
5981
4917
458
1421
1231
2669
736
7663
1001
1477
1599
874
9836
5102
4442
15
307
139
5784
3472
1002
582
1251
3321
4323
7749
6
6205
2244
4432
4932
165
5601
3
9426
2379
2169
2309
1698
2158
2541
4442
2606
7536
3490
250
4597
7785
4226
4517
2177
5876
1877
2108
2
139
7975
601
0
613
1950
8789
1459
2734
6918
5329
3942
1675
440
2409
1436
3394
2380
1531
2778
3039
475
3207
8150
5473
3431
1388
142
9764
2769
7309
5479
1298
2105
1704
1458
3298
1582
2197
116
6332
2081
2075
1396
4874
130
1138
1446
1318
905
2464
351
2981
9626
22
910
7800
8845
1713
6559
150
257
6945
4679
1116
5934
3561
3542
137
5592
4329
143
8648
5934
30
2538
3398
6862
1754
2123
2388
726
4517
484
7972
42
5166
1264
4844
1814
6240
4742
193
5415
232
7449
9839
7967
1606
545
2463
7660
2744
731
1757
6150
2693
673
6967
1724
4718
2383
1422
4741
9916
3863
7138
4420
8961
136
6198
4272
3375
1570
117
2855
7220
6653
1983
3447
2349
73
137
9865
5311
774
8977
4851
1826
2484
18
7546
3495
5424
9767
465
1059
3493
5954
5209
2974
1226
85
3668
1177
4895
129
814
159
1063
1180
383
2633
3637
124
1608
6370
149
2646
1065
1753
5980
1433
6310
1687
36
5166
614
9038
3889
125
2401
4371
2497
7841
5711
3753
3360
404
2010
2007
3
9988
2090
3228
9647
720
4655
2061
9067
2579
2309
109
3833
9645
5761
1458
3879
922
3140
193
4214
273
1181
7963
9546
2897
837
2569
3515
1390
6922
6731
0
4816
1187
7813
1364
2759
8195
1099
4778
7866
5065
4587
4021
357
7946
3490
2510
4702
2734
1217
2354
1074
43
9265
3799
5674
2805
2360
1380
3877
22
2463
7000
2293
7023
129
136
658
8977
9817
5089
3246
2096
3311
3327
21
8645
1622
1889
9607
9687
322
4529
8810
8033
1446
3891
4169
2758
5964
4718
6858
3757
8892
1405
6745
176
355
4083
9423
7190
8106
908
3657
4528
4039
2916
193
3809
2979
7620
511
62
802
1662
276
9919
1337
2363
9343
4715
2873
1388
7203
1847
2211
701
9508
0
9281
907
7191
2499
1856
733
5575
2041
8636
2729
889
1765
8764
2266
1247
3452
630
1141
7873
2140
2691
157
739
483
6630
2121
1172
2743
317
2043
1021
1755
8928
1608
3166
2706
2559
9143
6693
1152
927
1378
152
8820
2087
162
720
2407
2267
640
6343
4420
2710
3059
4941
5435
1654
7398
6830
4247
2380
2441
1372
5754
4218
2457
2949
711
2095
7604
2652
1037
1239
915
3126
3108
1316
9515
1916
8998
8053
183
1493
249
904
656
2752
4343
942
9230
1076
1929
4132
2422
668
780
2083
5471
7239
3795
9915
1538
2497
1218
5732
1394
3250
4371
2037
6205
1722
1743
1268
498
1584
1517
1918
5049
5229
424
3111
4
3556
29
1316
668
4076
853
4742
886
6668
1937
5722
1380
211
1738
3818
2649
9490
1234
715
6807
3361
3361
2147
2548
6179
419
3837
7149
3849
534
9861
3059
7416
1434
5554
3775
1778
1230
5280
548
6952
8723
980
6798
2802
9290
2743
3299
341
8880
1711
4256
4290
3469
748
2663
1995
3025
3275
2554
4901
810
1140
231
8120
6993
55
1156
920
4840
9512
776
6159
9022
3076
1854
189
794
1358
4861
6418
5333
5928
748
1837
198
4553
3089
2301
874
909
192
196
597
401
9832
7885
6866
1569
970
3590
1311
1313
1123
6499
1201
2569
1609
6556
1982
1814
249
3302
1952
2656
341
5419
823
1781
4291
9841
4223
2922
1013
1650
613
3015
67
1327
275
2029
1320
9841
8428
9652
478
8727
396
6009
3495
995
3848
3441
2743
9728
561
3590
4500
4275
37
1861
139
2497
7926
3175
7122
2747
240
6492
5980
6579
1333
8894
740
2041
523
8734
6471
1225
7138
4844
7679
5235
3938
6908
6081
3894
536
2423
989
2652
2733
817
2615
5497
1329
1952
1522
9734
806
315
6630
1037
1519
1827
2886
3757
64
4166
6875
5204
197
8297
7365
7203
7498
3389
7459
2028
769
363
2517
1303
2785
2379
8135
4867
1811
9734
7305
3441
325
2744
5315
2266
4861
1583
7722
507
6574
2658
2017
9438
1090
8111
586
249
3724
2582
9834
32
6901
1971
3023
3420
3262
2633
708
9595
3160
8946
1061
3369
3742
8262
6018
571
5915
4044
5465
3584
2361
4757
2699
8628
664
9518
7475
193
8300
8402
2764
25
3407
8470
4851
5777
9544
8483
1313
9710
3652
2838
5473
305
2670
2239
8655
2642
3089
2633
2254
9113
7298
2043
9115
4134
4046
845
285
2391
3620
8115
1433
4957
2877
1097
671
6682
4325
1902
2470
4552
4528
1618
2451
631
7149
3169
487
6024
5511
3864
2685
2912
2575
18
2043
5093
8096
692
5311
685
576
1983
2347
880
6339
8025
7765
918
2760
887
1416
1670
1370
9919
2129
2234
80
3361
7980
6598
2923
1398
88
5968
5134
4001
4286
2010
886
2740
4304
1289
757
6332
173
4236
5777
8519
1808
2485
351
7523
9705
257
8225
3186
315
1663
7546
425
583
3254
4005
3742
8636
8290
9237
853
8759
5921
1496
5205
3516
9879
498
4980
2695
2734
40
3891
309
3868
5053
3177
9562
1812
5370
8269
142
3610
7258
6179
8300
1221
3394
3772
2710
5228
3461
107
2075
8780
8773
7088
4834
604
9673
8707
319
9958
3930
1249
915
7763
1670
8730
8742
4053
5289
8987
2165
1208
1143
440
1198
9020
5129
3130
1952
8435
9814
5887
5806
3253
1403
4726
475
2445
4386
8411
3366
7437
394
1235
7743
3337
9790
2267
7007
900
5283
9781
4097
2993
495
6463
3569
1724
9661
2210
199
2107
6918
1327
1794
1894
4268
8672
35
192
1351
4719
1617
2663
5008
2811
780
6614
2511
1181
351
4442
7040
1114
3454
3863
2497
9739
717
485
5856
2725
3326
3603
6538
6024
20
50
6541
1585
442
700
2936
5002
242
7157
3464
2193
4261
7535
1306
658
1977
6526
3314
190
6832
8353
9216
995
1954
888
4286
6024
1239
5578
9195
3468
2292
6168
7391
3126
3073
3801
6660
279
445
5569
6657
79
4253
6263
2366
57
9892
5141
5718
6266
7509
1430
1806
924
1423
2563
3976
2922
2939
6619
4145
6546
9880
802
2511
2226
226
887
9209
4585
7815
4013
2187
2128
492
4489
3074
5071
2056
2037
8617
55
5598
486
684
9661
6674
3206
2059
880
3597
8065
3215
6797
2422
855
3859
6262
7298
767
272
9445
4549
3814
4076
3523
8949
3040
6592
3585
445
661
893
1856
637
9688
1700
5097
428
2788
7724
369
3070
7895
2542
5814
2140
2227
9364
0
642
974
684
351
2656
82
9952
2479
7242
9890
2236
2686
4335
2294
2811
93
4152
4727
1186
2479
3627
580
3544
444
4435
4679
289
3117
6728
2663
817
5835
2734
3969
6280
9340
3715
1399
8509
776
6627
8225
8856
2507
6523
8928
6118
3902
5335
2038
7933
3955
5371
6257
161
309
566
6639
620
7841
93
4977
7879
5479
102
6960
1949
149
2769
9056
3786
4626
7618
1108
2331
8704
1655
2716
3364
213
3645
1092
3580
3501
8252
8032
6792
550
7409
6108
4097
2975
161
631
3316
1583
2458
9413
3112
4966
7981
1443
2651
2916
4028
5109
4882
6370
2686
5266
4249
9452
3368
4074
3516
3048
9515
4448
7088
1662
942
4535
4489
3891
3942
199
992
4284
6636
2165
1871
5966
3762
4168
1311
6539
1187
7016
555
1151
0
9022
2083
5146
4858
1235
3096
7746
4033
8661
1630
9663
8224
1531
4211
1001
2523
914
5556
6227
3922
199
4528
3100
7723
5899
4113
6900
3806
7635
2609
2416
4186
4988
5071
4766
4698
3496
2463
2692
3550
2475
855
2677
2639
2181
2389
7849
171
1583
5290
3186
5882
222
2025
3262
2121
515
4967
1565
9265
806
485
25
5080
4621
8988
3262
9702
22
2970
2990
2197
5592
374
5863
989
8131
668
3443
5406
9527
6336
5108
3998
2687
9982
660
345
3833
5947
8187
3874
3895
4528
2902
892
1605
1181
3029
7895
2321
1886
7328
2284
2673
5046
8433
3335
173
8785
7152
4964
1952
1038
9118
7745
8913
225
2535
7987
933
9071
3328
985
6548
2253
3021
1506
2412
2126
2368
4782
0
4301
3354
9515
6768
8552
151
128
2702
2944
3470
4585
4957
4829
157
3519
207
7889
4664
8329
2626
5228
4577
3790
9234
6243
4197
2692
4631
1530
4373
7457
7344
3479
893
5948
5762
424
1543
3930
920
341
1829
728
8
5712
8902
1305
8509
3405
2035
2840
1302
6159
2605
3326
436
1940
7659
8165
3617
597
5411
2678
5424
4626
2569
6548
4265
8723
6840
1559
5046
341
4996
6324
6746
5006
3389
9259
8100
514
1276
2860
0
3762
171
5741
2979
3319
6955
2042
9241
2454
5759
1712
2202
2494
24
7522
2146
264
8120
9684
9598
6228
7119
1296
2123
4227
8115
6463
1916
9627
1895
2224
1293
7357
7980
3958
7195
3833
9465
1575
3389
2678
9572
6728
2907
2133
4048
8168
1765
2336
4535
7207
7909
3059
22
9314
161
9812
8698
1327
1145
2929
6893
1609
4783
2151
5116
1967
0
2669
1248
1218
1156
173
740
1571
1156
7788
7464
20
8381
29
9644
18
354
6239
748
7774
9320
4931
7604
8191
4053
6897
6508
4521
3490
5544
2706
2342
8269
8732
3796
133
2873
1827
1906
2897
3671
5185
5306
3568
534
8088
5097
2208
682
334
690
4500
4067
2569
1621
9856
806
8648
351
639
4045
6254
2025
318
983
152
1571
5780
6768
903
4137
361
568
3407
3189
1827
2294
740
2422
235
2644
8191
2612
493
333
3111
927
3753
3726
6764
2239
5437
9734
796
3990
515
22
283
3786
1528
7457
2107
3366
4113
2916
2550
2860
2159
7409
8175
5683
1885
248
6233
4102
2198
4008
341
7422
5362
1811
1700
1698
6852
9133
4897
72
9841
5898
1194
1366
3104
1537
971
4063
8068
4757
1774
1698
1035
1591
2232
6335
5306
5667
7295
5814
1542
9068
1733
9995
4587
2232
1765
2534
5161
6335
9154
3645
6357
930
477
5305
2391
4236
4122
5583
8344
5547
140
44
3333
5732
2386
9142
2975
385
460
4757
368
1814
2439
548
7619
7659
3400
4846
4844
3089
1830
2007
211
8262
2548
6981
2627
7953
2675
120
430
3260
2342
2768
6335
729
2007
2762
3464
2877
4539
524
5266
284
9899
4887
2645
3136
4628
263
301
243
3886
8526
77
1218
94
3657
3791
6355
148
1786
8598
174
4816
3940
3804
2177
3132
7481
358
585
6908
4202
5086
2159
476
8495
1070
8885
5141
1962
2911
7926
529
1924
1107
3035
5127
6635
4116
291
1496
8618
8168
781
9349
4261
6967
9545
4359
5000
1753
10
4947
5276
3519
8562
27
8074
20
365
7233
7766
7700
1116
2708
3417
2446
20
4051
9595
3464
245
1849
4597
1827
9605
9896
449
1769
720
552
3233
3066
798
150
355
3130
2007
3057
422
3877
5108
8550
6582
6202
698
3290
4458
9609
695
8447
1391
2025
2997
8912
2424
6933
3516
9927
0
6629
4679
1999
7334
2003
226
2389
2144
9620
4167
8521
4696
7949
24
167
1631
1102
442
4290
4254
6025
3317
2284
4086
2730
5701
9049
1929
3179
4632
9934
6889
7147
71
2960
1180
3111
1961
2197
3405
258
2013
183
855
3469
384
1366
325
235
4763
38
922
2645
4009
3976
8920
1723
8324
4897
3066
2355
4201
4604
4771
2144
3515
2526
8860
6981
8
4022
9241
6544
1815
4221
7820
2404
3043
2007
1711
664
4429
307
7045
8149
5282
6054
415
8920
4183
1687
7963
3480
3757
6664
959
4462
1600
29
3902
3667
9693
1619
2860
3260
7533
8752
4126
2911
8213
9157
5876
8948
1773
6504
7807
1266
5109
2480
1077
9840
6327
9238
9276
2524
5996
8654
6927
7979
1696
2656
8478
363
1986
2541
331
5785
3970
270
4996
61
3565
5176
533
5669
3481
2767
9806
5235
3958
6134
3130
4148
5782
9915
2922
513
1372
9113
2919
6908
2531
6716
2579
1864
4634
9979
287
796
8152
3778
3930
7700
2244
6055
4473
9024
3037
4028
4203
8796
2937
5980
279
3029
2762
3317
6209
1768
1845
2805
773
3111
6544
4516
4419
7131
6653
555
7024
1092
4575
2144
1761
3920
5311
3942
742
2210
4449
2680
3022
8623
3122
1451
9
3814
4477
5284
8723
6873
5578
4787
5190
9323
1190
6416
4411
4290
1048
3664
2716
8690
1552
1182
947
7325
2092
7801
1584
1635
2337
1389
6330
9935
2818
4937
5676
6807
7758
4895
3579
675
4993
6519
9110
1153
1400
0
1644
1929
1652
8517
9113
790
5634
4771
1525
9833
4690
4742
5508
1826
2747
8952
333
2415
994
2800
5270
250
2105
5754
731
1527
2497
1641
1432
147
485
686
8472
1875
6492
8666
3826
338
9781
1381
3549
3884
6846
8697
8909
4116
8241
1782
2945
221
1320
3366
4787
5479
9794
1642
706
8816
9417
9216
3390
4272
7174
9430
9423
4148
5318
5647
2485
9721
6764
9909
6728
1544
1094
2095
3419
3104
410
2093
6594
4542
7059
9635
190
1207
5927
6776
3227
3177
3089
7820
4651
4897
551
822
2542
4605
1459
6862
2763
4133
2105
1132
9327
1474
2134
4477
4275
3682
6821
7717
9696
585
4873
7190
5615
7604
8283
9568
46
193
86
9738
11
8930
2744
527
499
6863
2699
5634
9654
4640
8023
5800
7093
6645
684
8499
5049
2013
7974
8357
5101
1225
4712
25
6463
232
5387
4793
1504
2460
4976
1225
2699
4137
2640
826
3024
4485
7604
1278
2628
6555
8106
9417
2441
1894
5632
1186
4383
2785
6936
9310
3370
3902
4517
8601
2107
1666
2756
7873
885
515
3139
3457
1463
3734
9023
4604
9242
819
748
1289
1567
6630
9022
9156
7086
2244
6801
4564
3158
3645
3405
3603
4227
3848
698
6694
4967
2696
9034
6632
315
7033
4630
2715
177
1764
4178
8824
9163
8346
7035
190
4092
2728
1127
9958
2487
970
189
7809
321
5967
4197
365
4783
3692
8012
23
9055
5716
5277
3210
872
5296
3367
2214
8756
9645
4754
1058
3198
9675
1488
491
6811
2366
1686
6177
7183
3293
127
2171
1345
3328
2225
1383
6365
1500
1359
4996
4201
7620
1907
4879
3219
4781
9024
3131
5896
6197
700
8655
4323
1420
5179
3064
2697
4265
4995
7383
465
1289
4828
2379
333
4708
1923
8523
17
9999
46
514
7890
1211
6659
577
1869
1704
2241
2469
4990
7178
4606
1655
9215
8635
7151
4255
1302
242
2844
1029
6083
7569
2395
662
359
2592
6906
1505
4178
5141
425
5538
2614
5194
9553
1615
729
4432
6598
4940
2061
7416
1237
7895
197
405
7692
1446
3459
6755
8027
7804
9974
1107
3253
8651
9022
9899
1936
2680
301
3969
5666
1309
2318
4672
3811
6517
6340
4725
3668
1924
132
6416
3718
2606
539
9640
4615
1968
7408
9549
1217
2769
8988
1006
1875
1177
2819
59
8462
7158
46
1351
3772
3958
637
3029
1427
1541
1527
5382
86
5287
1952
1178
463
9859
7202
6068
8653
4320
149
2424
304
7520
8567
1824
5553
258
2951
1989
638
9885
3605
4882
7334
2498
254
5225
2616
5122
787
5194
8435
4124
4874
4014
1736
1991
3262
7151
3894
1141
989
2329
2095
9487
479
5159
8455
5287
5676
3259
9988
8462
5089
9174
2975
22
5578
9563
6431
62
149
4964
4363
1545
9610
1642
9834
1103
5386
1458
4748
4486
4373
2153
2855
5626
425
1242
57
8272
423
199
1727
9437
8213
285
2227
2401
6309
4159
209
4720
1977
22
419
2518
966
2950
9817
3969
3039
2727
437
4202
9603
8474
4508
1430
344
3731
3841
7582
1720
1134
0
1845
5295
1287
7632
4142
2357
7974
8600
8685
3495
7206
19
5141
9009
7862
3844
2347
4665
2429
1380
3991
4362
1191
7255
817
7459
7147
3393
2328
1941
3257
9885
6589
3420
1563
8549
502
4752
3059
2483
9652
6915
1914
639
8302
41
1152
3189
3440
6432
6503
1570
1247
3930
1686
2303
1264
4227
2146
4724
8902
5498
264
3174
657
8038
2241
304
7630
8622
716
9931
322
4024
1525
3548
9031
9595
3245
1805
137
1849
8679
6754
8416
6831
4070
197
5594
2610
7609
979
3734
5469
4504
9044
1436
4740
2897
6105
8719
6784
6661
8168
25
8149
2074
1682
2390
1328
5089
4577
2379
2121
649
4998
8037
1137
1919
4323
4393
29
2202
9785
2640
4937
1749
4109
3057
890
3364
3262
3842
7755
1654
2844
2136
7203
8831
1687
4044
6
1293
4282
894
3875
2811
3532
5020
4727
3040
4412
6210
2726
4364
2158
9633
4002
9551
9237
5205
4692
2090
8403
786
3548
1913
9545
774
1554
4291
8653
4651
6355
3787
136
4112
363
1056
1309
1458
2445
3565
871
1580
116
2817
1370
2139
676
4148
8846
4540
7255
2983
700
6112
918
2136
2349
2163
8982
3890
1230
5446
9536
1276
6868
284
7356
5194
7605
5626
491
2758
6681
8188
7426
1451
9693
4016
38
8464
2917
618
8658
9157
1805
6587
544
1922
3955
6299
3629
1449
2738
6893
2169
4094
3610
1636
2005
2817
3803
4631
852
765
4883
6271
4363
3740
1881
4783
3769
8186
4403
1986
363
3271
65
3955
7477
6519
693
9609
6047
2973
8401
2905
2957
2990
5853
1565
967
3610
5566
4752
7795
2923
29
2876
710
1800
7528
7097
7879
2144
1165
378
3960
187
7092
845
1462
3434
6696
3551
8601
4489
9698
2033
7
4025
2630
2554
9396
2564
3265
2365
419
9075
285
4717
3399
9420
8197
3160
190
5017
3649
8671
3657
9987
7318
1082
3848
7150
1644
3676
5704
1919
8791
20
6981
4380
5985
6630
6466
1278
3414
6004
3071
4023
1702
1521
6308
2482
7306
5777
2336
8898
5967
4902
8902
709
4617
2248
376
7940
3495
6154
1769
4619
648
8718
7440
1961
927
4528
8721
6522
3674
1198
769
6114
6482
3396
4406
436
3008
5493
1045
270
355
200
9749
3086
4581
4002
816
9119
1463
1016
6512
9265
6705
3201
1195
2860
5000
524
6335
3262
130
4721
8971
5405
129
6685
1886
5393
1883
7873
1180
8645
6392
9015
1459
3803
14
2299
1964
14
138
3386
1683
7190
6529
6552
347
4014
5041
9300
9457
9523
4765
9644
7126
9579
6474
1465
805
7040
5975
337
2615
2153
9670
3254
6910
5046
553
4765
6587
8313
9447
2423
6778
1038
1964
9325
8920
8149
910
6697
4314
4265
7656
2642
1631
829
5798
738
3662
7251
7134
3401
5421
8440
9226
8749
1225
9036
3057
4414
765
480
1528
6580
425
3330
9631
944
3219
2102
509
3162
9980
8435
658
755
4386
6492
3878
1231
886
8518
1504
1057
8905
2282
916
5086
1797
3734
8409
8404
7456
420
1557
1319
3768
5203
2013
1087
2354
3985
858
648
4937
5309
7813
6906
6605
9766
6689
468
5489
9902
5590
2131
7958
8477
9025
4158
2376
1458
1094
2785
7620
3427
3179
2057
2052
8593
7068
6472
2510
8023
5740
662
5149
5883
3848
6780
15
2620
427
2208
4466
7181
9647
6752
956
5113
7224
6787
4014
585
1149
3627
4904
2035
2716
6178
4497
3532
164
5032
1546
2818
8188
6102
119
3050
1218
2159
952
9433
4448
5053
5447
1496
7693
8773
3111
3408
850
3797
2067
4261
8647
5752
4261
5772
7879
1855
4113
5837
2680
9258
5000
3548
1382
4690
1152
5834
671
4419
3930
3071
1289
7306
5592
1035
2404
4399
4019
8925
2997
8048
8303
3333
1845
244
760
703
3519
907
2333
3683
1501
466
2529
2564
4640
4750
3523
4365
5026
2975
9617
3752
8536
1102
4630
8481
1574
1459
4664
3836
7663
615
3480
4003
3814
4769
2266
2557
3082
5050
152
2715
108
1152
8623
7450
4968
2126
7147
1682
2454
4266
8576
2768
5145
4814
1186
1308
1337
9044
7604
1942
1405
2629
5668
6427
675
3649
3389
117
806
974
7526
3549
2681
2660
455
444
9034
5014
5208
7029
6529
4277
1578
1461
5608
3565
3493
963
2860
630
1879
2016
809
6207
2686
4678
2886
7354
6242
2627
2903
2030
317
4308
4643
4042
4268
3836
3497
798
2550
195
5454
4069
5586
6155
3920
437
7063
1330
1917
9517
503
1794
143
1226
4065
3084
6324
1367
8601
234
5255
3245
5370
9200
1936
4856
4890
1253
523
6602
3335
7949
8647
4742
1398
1749
3803
7119
4473
6242
8753
631
6392
8324
2075
3248
3262
1459
4086
5672
1211
1195
5406
865
4512
9457
4923
2983
6094
5269
6893
8074
7869
2103
3979
5388
4526
9644
5043
4489
5228
1334
2819
7658
7755
1575
7197
8676
1077
25
3179
4981
2652
5094
3902
4420
9127
9497
3456
4482
4934
4431
6764
1455
5431
3089
8094
5717
1917
2384
9880
9400
7570
4529
2839
1092
598
4485
4178
425
5757
6358
3958
7383
7016
34
2087
1293
4942
9926
585
4846
9027
2909
5492
8682
2656
5727
1891
174
603
4897
639
5237
7697
2321
9582
7757
2424
2028
94
999
8194
7454
5318
4158
9255
9969
7659
551
5058
3604
2535
8654
4196
2219
5203
9216
7463
1416
9281
4282
3184
3631
9195
1508
822
3570
304
1048
5333
6339
9447
3666
1906
2550
99
7697
350
1104
1816
7872
6967
8457
5014
558
7636
4630
1048
5676
309
2984
804
130
2893
5529
1540
8433
3922
4604
3668
4620
9814
836
5266
9350
6849
2685
1811
6055
7670
2735
8645
2317
3441
165
1675
2273
7196
5527
8649
2309
6973
1572
5676
9770
4733
4321
4846
0
4290
4172
3656
490
2856
4785
6154
4603
7088
4412
5031
1446
875
1215
7314
2350
3479
55
419
2988
4692
1225
315
456
1849
776
4585
4354
3179
3246
710
5428
4097
6587
4418
3979
3007
9
102
8227
3960
8635
6113
9293
1095
526
3610
3201
6985
4848
423
1500
1663
3396
574
2626
185
1116
36
9778
3844
5921
3332
4037
17
1264
7460
487
2513
2131
5994
2365
5037
5184
1820
3520
2554
623
1309
4264
5985
7847
9977
0
887
6015
2439
597
8310
2218
5302
4961
745
5498
183
6975
2015
9807
7579
2562
3724
3061
768
1115
7621
2742
3593
3501
289
79
3878
3811
3130
6630
3105
1761
7153
4965
4166
3791
237
4754
7783
7514
6668
566
1045
9628
2643
3994
2997
4359
6254
5874
5431
2877
9531
5934
6678
5621
1988
1308
9171
4189
7027
6784
2978
3913
6621
706
159
3130
2121
204
8441
2052
2384
3109
9507
1306
245
34
2619
4345
5445
5065
4079
1085
3677
2106
6155
5692
874
1701
10
25
7889
524
130
9453
685
2496
5814
5776
2107
8732
6055
5840
6797
435
7895
2121
2105
6254
5661
1711
7446
1728
2379
3243
5487
5805
2633
638
2389
9534
0
3833
2601
4144
958
4315
9696
5621
4306
4844
4909
5390
7844
6780
2131
8301
8635
6908
2128
7133
8725
4123
7934
5525
6963
1137
4750
3386
11
875
8884
2441
1087
4002
1764
513
1082
54
4611
1382
7474
313
5462
4745
3889
6865
1907
7242
1664
3922
5749
1972
2342
9147
4202
2423
189
4880
4044
748
2410
8213
2749
7523
4
9506
8161
4159
2131
6868
6398
179
823
7216
5155
5472
3756
7181
1025
7479
2846
500
806
222
3568
3508
7749
9323
6952
5190
3152
4029
2541
2537
6925
1405
8116
3940
1959
4578
1249
516
8121
7593
9337
5702
3400
9314
2748
1248
5089
2607
3205
2397
3917
1289
7888
2657
5171
351
6579
2306
8499
4314
2868
5276
7063
4912
232
6821
3555
3414
1917
4771
4143
4481
1278
5300
2331
631
4805
5896
4482
5782
2883
3123
5400
185
7422
4859
952
4996
1084
3184
6882
3227
1100
7920
3998
6925
7946
2114
1309
3952
197
4025
4974
1804
2727
3366
6308
0
9016
449
2974
6668
2376
7676
5628
8586
317
8274
4027
7250
712
2258
1885
8367
1887
3959
8297
9535
1104
6676
1507
269
7105
8786
6555
8196
6974
7570
7820
4611
428
6685
1701
4517
6578
7041
6888
150
345
995
710
61
1986
6474
6939
2557
3225
0
35
4412
4304
6968
4534
8188
4617
5370
2101
9670
4340
408
4198
7710
3578
7846
3525
4044
227
1571
3984
4250
8707
2929
2187
2553
2592
162
8229
1487
665
6751
5815
8671
9909
834
3544
2139
5837
2205
1663
6533
8600
5674
8005
7976
4326
1618
7865
3407
9457
7344
3504
3672
931
6355
2509
8987
317
4679
3108
757
5901
4394
3321
5966
4540
4718
5120
2451
6284
2013
3080
1855
1076
2874
2859
5169
192
5947
7791
2603
143
142
2480
7402
6078
1849
4725
590
2197
6332
755
5447
1588
3130
6607
1537
5967
9912
2545
66
5915
3489
5698
5293
1243
9195
4362
6450
3408
3366
3049
4155
9000
748
6830
9683
4001
5047
2133
8137
8764
0
3326
6250
1946
3742
2677
7477
4265
3674
14
3920
9577
3564
927
7702
3530
5810
71
4663
2626
8170
932
157
4907
6250
9982
5479
5590
2840
7276
47
5601
3222
7866
7969
3096
8526
4742
2314
7551
6102
5191
4205
8585
7999
6004
6329
6252
326
5451
1574
9225
2171
4556
3603
5020
2030
4996
7498
9970
2222
1960
1013
5567
7202
796
1501
8290
2767
6901
1872
1462
4360
3254
1542
8269
4866
3158
1008
5693
1156
6019
1495
2856
36
5123
3734
6206
3491
1048
1559
890
6761
6524
5598
7700
4305
5773
1617
7362
4615
9215
5668
6978
6830
440
6918
5608
5858
5551
9502
9191
9445
3577
25
3069
7334
3424
2101
1358
4408
8781
942
3479
6950
8428
5020
417
2095
7252
8606
2116
6986
9434
335
4546
8624
5428
8447
1477
2349
326
9
5421
3472
893
5817
502
1491
9065
1013
8728
347
1015
748
8615
6205
8781
5834
7009
9540
3264
7235
2916
5596
5084
304
6006
9266
7236
453
3533
3785
5494
3878
5235
1845
4307
2604
3366
1241
3242
65
9166
7382
9407
4492
6915
6118
1654
412
3597
4790
39
612
7907
325
9645
3610
57
2013
9673
1145
3264
2597
836
4813
5584
4457
5849
7157
598
4339
2788
5720
8546
1955
7982
8401
8497
8912
7844
461
7776
7095
9144
2621
304
8779
4974
942
2304
708
9049
2774
1056
73
4449
5701
2226
5475
8652
5737
636
7365
4492
1050
8428
5838
80
4941
2248
170
7872
1511
7412
9060
6481
8647
465
3539
6154
7475
7692
1431
6253
5492
8486
1521
5554
9699
7862
1820
1292
9
8640
1201
7334
1936
307
6822
8780
8855
7171
3059
1094
3737
6837
2706
6145
3004
4504
1770
2749
3908
1966
4539
2811
8582
7313
4933
3825
8377
7658
71
973
2995
2391
4349
2760
9638
6963
5165
3596
94
4133
7091
2520
9088
4137
1568
2128
2197
456
3803
8195
9099
1003
3839
4005
0
5932
1966
7879
7774
3507
5816
7943
4071
1379
7498
1763
4060
6263
9326
1272
1451
2847
7322
4394
2119
3907
4657
267
2706
305
161
102
9445
8202
3600
2463
8764
920
50
5899
6416
3032
405
8277
2630
8641
4768
4512
6539
4336
9191
277
4786
1697
2171
7857
2380
5108
5387
8643
8576
3645
1138
1379
4816
4546
2187
2239
5856
2807
2599
2983
2702
516
4727
1312
2205
3364
3690
3826
6438
6630
5844
1041
9542
127
149
4202
99
6078
2075
2197
2608
3100
7977
6526
943
6716
2874
907
116
8185
6392
9419
806
35
2606
192
1936
5590
3032
8676
587
5759
4943
5089
492
382
9133
8375
2029
7726
1033
7195
7263
8531
4458
1768
24
3583
3942
4418
8441
3636
2163
887
1225
5536
7214
1912
2029
8470
4630
4953
3917
1720
1798
982
1512
2895
5078
8172
773
428
2916
8361
5858
8542
7627
6228
1015
7692
2641
1459
7511
9357
4807
3058
2352
7565
8919
1463
1583
80
939
4275
5127
2007
209
2846
325
1081
3126
4883
1101
5375
6201
3801
1817
6170
1589
2299
3536
2339
33
4423
3746
2224
1530
9138
4072
5299
756
3907
2284
3840
4719
6922
19
4733
9512
3049
7926
970
6922
5835
3283
1613
2905
6472
1856
6645
879
6363
301
3550
8971
2593
3484
7028
5870
5863
11
995
4108
48
871
2423
8255
7579
3061
1501
5153
1150
829
345
9855
1399
119
3899
2094
4112
4751
6117
3057
253
9115
1986
7255
3485
9861
1872
5002
2631
7680
2935
9902
5909
6831
3780
2151
7096
2864
3225
9666
5038
7662
5535
3828
639
6299
3693
9360
195
2788
3723
2429
5754
3599
27
4009
4522
6893
1314
8804
131
4720
9941
2803
1458
8748
9091
4593
5312
396
6811
773
8260
369
5045
9759
2350
1249
5137
8411
3224
3016
4993
8641
3305
7325
6120
2984
220
4951
8950
4789
4150
5906
358
2251
6014
3065
4029
4634
9568
3760
5419
102
7009
4221
9791
9183
8276
3182
1649
4607
4280
4013
1687
4001
6706
2936
4553
5733
6392
5245
8497
4458
1285
5308
483
9309
6168
4742
992
6871
5936
9
6226
6247
7335
1158
748
2544
2553
4846
9545
5176
1398
7342
4974
5579
6361
9036
1253
2015
4563
7609
1191
4021
2390
5561
7623
363
5334
3771
9946
9118
1949
5488
9243
6621
6174
9020
6830
9979
6185
6482
403
6565
7342
491
278
829
2326
3251
3385
2867
884
7402
5543
6578
2657
2294
3135
9395
7476
9424
740
796
5585
5775
4447
6812
1169
6215
2761
6179
4291
7151
6660
1311
5061
3475
6257
5257
3438
944
927
1894
7953
9309
2637
8811
8447
4164
9393
8214
1486
8979
3496
2410
5942
7065
2641
195
8163
5388
5685
3740
3626
6923
615
2007
8957
4699
7645
1570
1315
5848
4048
4751
9637
2630
6123
8184
6807
5876
4249
7004
2898
9184
294
1056
8051
1816
7263
3397
2754
1918
7190
2812
9195
4887
0
2641
7889
2009
6013
2133
2571
213
4676
2522
2706
5087
6732
8523
9253
351
7654
7074
1451
5804
8820
585
8137
674
4661
453
6482
2843
1378
6657
4124
4942
9237
3187
5788
8989
2718
3368
9743
7135
6847
8981
9911
300
7711
7939
2883
4120
23
1092
4690
2618
2550
9062
2219
3657
4636
2622
6888
4802
6749
1427
1165
9230
5725
848
9429
1242
9551
7609
5735
3058
8767
3536
1300
6627
1422
1854
693
3698
111
791
5876
8190
1033
3319
5203
171
9194
4666
5076
7552
5008
2538
6090
2677
706
4566
3311
1323
993
6287
4420
9323
7508
664
0
7884
2528
8964
606
5209
578
4383
4988
4365
7598
1327
2819
8116
5071
2675
132
7958
5084
4147
3814
1955
9230
1262
287
4994
344
3777
3361
3017
4640
2699
1883
6849
0
3449
5375
4351
5419
5038
4719
2316
3444
1688
5127
9010
7520
5166
511
9461
666
2207
5123
4164
3311
3585
4448
3069
1617
1131
1172
6394
9409
844
1668
8255
5149
3579
2474
2975
3166
4142
7138
2972
5508
2151
2949
3069
7731
5162
5902
7640
7737
3723
9865
8474
6571
597
5428
8880
6884
6959
5109
5407
8391
9606
3049
1178
6721
5894
8154
8054
2389
1436
5400
5334
9687
911
4365
4764
5023
7323
8552
4305
4265
3361
5754
1184
5770
9252
9909
1119
7356
947
1390
9445
2638
6516
3360
7570
1606
7899
524
929
7325
9607
7663
3177
5407
8341
1326
9722
503
2398
1625
6435
4405
5471
841
8672
545
6778
6210
2339
90
5804
93
5564
1865
2105
1619
1979
7915
2884
6194
7017
1622
5835
2213
2398
5319
1544
2639
3458
7013
9605
8935
5002
609
5846
8971
9099
5103
9295
7899
7000
5012
204
3101
3831
9809
1066
8264
8367
7964
7615
3059
36
8864
2180
6439
1846
7546
2321
2760
9177
4335
6178
2315
9555
1930
1087
4741
5026
3569
599
9262
8857
8061
3120
1453
161
3571
1138
482
7570
1983
4419
4840
5561
2769
6625
6598
6268
171
6522
545
1107
8547
5473
4004
4834
9374
17
8054
2583
7933
1386
7122
6664
8937
3201
1855
5437
5891
1505
8394
9841
5413
9846
2177
2781
1195
556
5454
7418
25
3220
5086
4975
920
8033
4949
6069
6901
6667
2895
8427
3971
911
2105
3158
9423
4048
2645
2725
5776
2524
4961
8533
6552
176
8124
4686
1387
5677
1559
419
2288
910
929
905
6548
3656
3791
2816
1379
3720
5360
7440
4789
3293
5519
1763
3313
4048
3514
8125
9333
5954
3039
245
4485
6599
612
2806
3803
6415
7049
8264
648
8816
4350
3197
291
6749
5944
3914
2177
2013
2090
5702
6764
1038
2971
5626
3378
1311
1981
5854
88
3681
1483
9616
8409
4943
2711
5171
3673
5310
3292
3127
3978
9775
9374
8697
6466
8190
4939
4110
8345
159
2926
6959
1772
101
3456
1104
5533
1289
4584
47
1875
5113
9645
2718
9023
12
3514
828
8918
4264
1434
6250
6869
1541
8728
1317
170
7781
3040
2693
6029
9545
3889
3668
3116
3641
1740
3882
5722
7109
1606
2010
9127
1952
8649
2376
9553
729
2725
7604
73
4113
4591
1192
8601
1745
4933
1287
1252
6539
7717
5996
8914
1404
8381
9088
3442
1701
6379
9466
9846
8644
9902
9696
6745
4254
9502
2003
87
7657
4022
383
3758
4831
5810
5005
7431
1050
3341
8798
1929
832
2289
2139
7869
4887
6801
1081
339
4615
2300
1912
8658
5
2146
4013
1496
2106
796
9022
8343
2296
6771
6239
8470
655
1711
7464
4389
7215
6102
441
4233
5149
4834
6520
1826
7167
6420
6436
5520
449
6797
7371
423
6180
7220
3814
972
2879
7334
492
9252
440
8599
5842
2220
3690
418
4464
7178
911
5832
3726
2609
3224
1114
2517
3332
3579
4549
675
87
7708
6669
4488
1856
5932
9541
9937
3776
7183
2157
2007
6644
250
4583
8524
5367
5015
3361
9088
3595
1068
7713
2418
3693
5271
3083
4851
8914
4784
8214
9325
7206
5120
3481
6475
2061
994
7474
8212
2579
8792
3421
4635
1942
8599
5107
4837
7711
5193
713
55
3032
1279
6206
8196
3356
5347
781
2055
7068
5353
3295
4342
7711
3077
6306
6630
1045
2112
2228
2306
8012
55
1155
1950
9967
4448
2578
9707
4061
4521
8687
102
882
1820
7551
5300
4342
824
1977
1403
927
4846
4640
6751
1653
1400
5190
9533
4891
195
3187
5386
6422
2769
7356
9516
8688
8379
9003
7339
3666
5628
8619
8117
280
5596
1595
9260
7085
6812
8974
717
9793
8135
7592
5644
3671
4220
1326
8070
4265
9252
3159
8563
1411
1231
9434
1699
2866
7634
3541
7033
2979
4156
1875
2353
6708
3568
5315
5557
5836
6666
5445
326
621
1609
8369
717
4993
9308
5671
2879
8211
8340
2357
3699
2076
982
313
3971
7724
9879
150
2512
3303
5047
4364
3809
8127
9913
3743
3186
1226
8828
985
7276
3153
2461
7561
6882
3086
3414
1505
5654
6179
1962
4738
1748
9628
2784
1458
8686
2642
1363
3356
3272
526
9786
9312
5229
424
2252
8868
7103
551
103
1344
8134
4397
8780
3086
260
3227
4943
4883
1845
7812
1030
9219
8194
4814
9348
1857
8661
1192
3664
7699
0
9149
1794
4749
2607
1865
3943
3220
1118
9155
7074
3323
1215
6736
5316
5074
9466
2258
6360
1248
9944
6441
6003
2266
6045
2217
5495
9226
2022
6154
405
8956
7348
1651
4000
6195
6889
486
1121
6051
1883
1046
3480
780
6623
7497
3940
4320
1872
6205
5105
3733
7219
1183
3939
3544
3007
1707
8772
7446
1771
7119
7552
3361
2487
1500
1653
5238
1066
6943
8567
2028
8858
3977
815
7362
6177
3565
3682
1045
7206
2887
1583
995
6327
7031
7365
4
7925
9466
1156
3618
2744
6901
2321
1012
8796
134
316
1309
5694
4403
6972
6102
7619
6700
174
2050
159
4769
1172
5806
9698
40
6856
2294
2615
9814
8688
4482
243
2562
713
8683
4055
1058
6463
7437
437
5915
1140
5390
1375
2485
3930
5728
3602
6759
2693
4964
4925
926
3253
810
8598
9974
4642
0
3200
4108
1549
8270
2758
1786
6091
149
7710
3096
2025
5260
6443
2947
8427
3358
1479
5810
6125
7963
7091
7509
1782
7065
7976
5076
9271
6903
2459
1306
2656
544
6745
340
73
1124
6519
358
463
3239
919
4821
2797
41
7874
6955
7036
5017
1964
1624
7738
8273
23
4628
7319
99
7683
6729
5367
4346
1451
6713
2806
3634
3730
4485
1837
9216
1202
8806
426
385
6268
5933
4851
267
4053
8804
6014
3993
8522
9058
887
3797
1578
2747
229
1728
5742
8195
1801
9586
1649
6616
1971
8030
3158
7899
7378
4552
4178
1606
4578
3707
3130
9023
5691
5822
2788
101
1042
5091
3723
6181
4719
449
2451
5108
8926
3995
320
9381
1872
2222
5810
9469
1091
7467
6986
8255
4
8629
6047
6441
5393
6993
716
382
9696
4191
715
7054
8142
8938
3405
8127
4486
4504
4156
34
7804
7081
2706
3752
7121
3942
467
6961
7094
2672
6784
3369
4172
2293
4236
8968
8224
6909
1235
6047
2852
41
3815
1056
3014
4142
8629
2886
8753
1698
2020
132
4291
9570
7540
4255
5386
3402
6106
436
0
9738
118
2693
151
2132
3968
7570
4720
1867
6555
1445
8682
6654
2290
5120
9740
7789
303
7792
5428
4265
806
5265
2373
5689
5593
5897
567
4149
4434
8791
4909
6236
8074
9213
1985
5701
7449
6024
8571
8135
3488
7615
6312
8652
1481
2023
8806
2902
5863
54
6347
1194
7534
39
0
7321
7172
4490
6081
9778
5621
6194
3357
1213
5519
8885
2330
9551
3390
2819
6239
3651
4383
2888
8017
193
9730
298
3152
2960
3549
7884
2984
801
2967
6682
5909
7344
1753
12
3192
3814
1468
5557
9683
1976
2328
8353
9566
1191
1483
2157
2146
1583
8509
8418
4373
8494
2147
6780
442
2358
3103
9405
1721
1836
7166
8646
3039
1765
8888
3404
400
67
5158
943
2425
4793
3674
3423
5782
1541
6761
8829
4014
2968
2244
4690
2782
3392
6551
1726
3037
1138
329
3026
4852
2373
3732
6330
7620
9530
318
4297
4216
7431
442
7705
1710
1603
9152
4724
4059
7721
1682
992
894
2788
1529
3175
7792
2792
3478
487
127
6512
196
4953
9610
8770
3814
2981
6667
4951
6759
5476
5375
8055
1564
2502
6252
4
601
2593
3863
9937
5466
274
8167
3001
3995
7461
8463
2105
4338
736
4787
7907
6840
9419
2245
907
7074
289
4362
5600
3157
4329
5244
6777
9753
5915
6474
7103
3532
2860
4579
2002
4295
1640
9012
9429
1228
9534
380
8997
8631
1654
6671
6568
8535
9316
8985
8517
6798
8480
1874
4338
2448
2
1143
2997
5626
3979
2708
2966
4687
1139
643
7379
1455
7948
683
3433
7030
1247
9862
6830
9040
4679
1734
5276
9742
5293
8845
7145
6825
7856
3582
680
7191
3767
2596
4207
5874
7225
4867
615
7629
6787
3594
7746
417
177
774
219
5899
380
1259
872
4186
8791
8483
7416
305
1674
425
1988
8513
5473
6098
26
1045
2890
4030
2550
3242
7178
7605
1006
1370
1483
261
120
3135
3186
1327
1794
4887
9082
5967
5437
1668
1252
1268
26
779
8552
1389
2882
7544
4030
3148
2640
7724
6183
139
6403
1500
7236
5355
6981
3403
5424
8499
5134
3402
5868
1141
9450
4778
4496
2816
2316
4240
4148
3863
1088
9235
6978
6750
6492
1867
5828
1482
8082
1397
6194
6020
2236
8374
2397
6474
4392
6027
8499
9076
6634
6539
3767
7214
7640
2565
8579
4750
7666
3231
1463
1538
3607
5847
3775
2637
701
7714
2395
4493
2285
4243
8034
3684
4123
1148
5027
852
9940
2182
5679
9318
427
7013
5577
2550
6985
1392
8150
8192
2227
7344
2818
2415
4035
3660
6649
9240
2072
6121
1322
125
3904
9377
7488
2782
3548
4285
2539
3701
567
4522
6547
1483
686
5052
9262
798
2811
773
5190
8367
4990
9133
6600
7993
296
4787
1872
9791
198
6967
3730
3456
6342
1197
3605
6312
9841
4019
7982
5175
6263
3108
590
2804
3293
9924
4364
5804
9967
27
412
8269
6319
3062
3818
8048
8276
7681
9800
3392
9224
4326
5025
7121
5645
6210
2020
9565
5899
4855
7320
7104
7454
2816
376
8038
3698
3177
640
5927
4573
3421
5559
2548
2043
5072
9350
9505
1048
347
351
730
2819
2349
306
7826
35
9633
8891
8676
1152
3741
1278
4676
9450
2057
4265
4773
570
1653
1894
2055
2266
8676
4936
9154
5372
8023
1789
7179
778
4055
7970
3215
2235
7459
9661
1137
5891
8709
7978
1158
587
9450
4825
1030
2552
1198
734
1406
3833
1494
6584
9388
527
1388
480
9615
6330
3597
7866
5322
9425
2611
6856
6577
1350
4199
2847
4533
9580
798
4284
5542
3219
4792
6751
1642
2738
3960
4024
2978
108
2987
930
8298
9318
1520
3175
7024
7791
6334
6281
1205
3844
6749
8714
1642
8570
1619
598
9506
8891
2960
2975
1489
1550
1324
7051
2125
5531
7981
3960
8086
5995
7087
9540
1692
7057
7181
7776
7786
334
3743
3405
6630
9271
2175
4471
668
488
915
4425
1765
3692
9625
1842
4363
6596
1302
7280
2612
5417
6728
5926
8585
2752
9097
2096
8150
9734
7958
8898
7082
4562
5830
7702
7724
8513
6843
515
5641
6805
6327
8803
4493
6197
5592
5108
9402
1103
1008
9965
1309
238
9000
285
1553
8506
2199
2076
3156
9027
5031
9006
6895
2068
55
8510
573
4410
1232
2930
5623
2632
5320
887
4820
2946
9438
8872
4324
6355
1132
7232
4529
9316
7889
891
3590
3328
