-8
-7.63044
-6.90046
-6.84232
-5.85671
-4.8629
-4.01524
-3.09909
-2.44534
-1.70329
-1.04698
-7.13714
-0.161938
-2.71518
-7.82382
-1.99841
0.692141
-2.45562
-1.82885
1.62721
2.59084
3.17527
4.16821
-2.95083
4.6086
4.78358
-3.42694
2.82535
-1.97763
-8.91261
-7.22742
5.70061
4.85256
0.646741
5.20497
3.97441
-7.59055
6.1447
4.02543
4.77178
-2.41472
-3.32053
6.98075
-3.33706
6.46972
3.7334
-2.68516
4.84091
7.94749
6.29534
5.67959
-4.41718
6.04348
6.85151
-1.70961
-4.30204
-3.23381
-5.31143
-4.54112
-1.66997
7.52121
-7.47849
5.2095
6.41072
-2.33623
-2.62673
-5.3071
-5.06447
4.72467
6.79517
4.84186
7.55374
0.597725
-5.19875
5.76153
7.37841
5.1947
-7.30195
-6.22612
-6.1402
6.40491
5.11162
-6.84386
-3.69048
-4.56283
-5.31659
-6.3001
7.8776
-6.05832
-2.39714
5.93439
1.0497
-0.948483
-6.77304
5.14588
8.27717
6.64631
4.76591
4.87893
6.8637
6.69888
6.1235
7.63985
-0.82375
6.60024
-7.24028
-5.03912
-5.41726
-3.66266
-5.37144
4.01698
2.98868
8.63544
0.922137
-7.23506
2.99934
-3.04637
6.91028
-8.316
1.96963
-5.32217
-0.340995
-3.90089
-6.49895
-8.12643
3.91968
3.92053
-6.30252
3.26615
-3.43251
-5.95574
5.15293
-4.85469
-8.17828
7.54768
-8.1252
-2.60725
2.26636
-4.22444
-4.23241
-6.20498
-7.99312
-3.37042
-1.41063
8.01307
3.98151
3.71572
5.48547
8.32546
-5.92904
0.141449
8.09865
7.47958
2.0159
-4.52178
0.0409764
6.97884
-4.17893
3.85352
-7.21884
-0.151566
4.69425
-5.56069
-7.15391
-2.79115
8.63791
3.78054
6.36255
-3.30057
3.17662
-4.82188
-8.5491
2.94415
-4.51873
-8.17703
8.68989
-4.69077
5.23556
-6.85456
2.78285
-5.84399
-1.47601
-2.11223
-3.47973
2.96894
-3.3275
-7.27851
-9.14529
5.48772
-7.70664
4.42012
-2.08569
4.64181
-0.52212
-8.12161
-2.34208
3.1424
-7.34844
-8.93155
5.61737
-1.1488
1.96275
0.597984
-2.76166
7.77447
-6.60359
0.514942
1.92392
6.59617
-8.02325
-6.60701
-5.49018
-4.18343
7.56555
6.29817
-9.11018
5.56515
6.72207
-5.57981
2.27098
3.49211
4.38924
-1.97625
-1.31983
-2.28504
-6.90552
-9.04832
-2.35666
4.74815
2.99318
8.4911
6.19571
-3.76099
6.84904
2.85385
-1.98582
4.37735
3.55625
-9.34215
3.71444
2.37917
1.096
-4.76859
7.1511
-3.17291
7.58019
-3.73541
-6.2747
-0.0401023
3.51308
-6.17777
4.12133
1.79304
8.12446
8.53152
8.6684
1.05137
5.99291
1.8724
8.9611
-3.48092
1.78313
5.18647
5.8982
2.08757
-6.66091
7.30171
3.28829
2.24419
2.91203
-7.03316
-9.34073
0.363014
0.241273
-0.188813
-9.03396
-2.30683
-0.957552
-1.73844
-1.86467
6.25894
-1.06515
-8.51479
1.9456
-5.60424
8.34831
-0.742955
7.01173
8.97822
5.34027
0.73485
-0.448976
-0.0875456
9.23774
-0.83922
5.32895
-5.17781
8.90356
-1.95243
1.08896
-6.17945
-2.7979
8.33045
2.13084
-7.80445
-6.01995
1.85384
1.92681
1.42605
-5.14748
-2.77792
8.22543
5.41372
8.66545
-1.04037
5.90463
9.31363
-4.14222
-2.67944
4.95275
-4.54026
-7.54825
2.46389
8.49079
-4.35432
-5.94046
-6.47522
-5.44896
-8.87104
-7.60021
2.9709
-7.98286
-8.58886
0.1991
-4.13645
8.24781
-6.18582
-1.81508
5.06765
0.656232
3.23583
-3.44768
2.93424
-8.99664
6.0666
3.63843
-3.74121
-4.04134
-6.21873
-8.93121
-6.8545
-7.27659
-8.83895
8.91003
8.50439
-4.86062
-6.62326
-0.472907
8.25164
1.645
-5.49529
2.6717
-3.04908
0.452574
-3.85663
2.90268
-4.61955
-3.34216
5.18417
3.67148
2.01525
3.3592
6.96
-4.87544
0.287643
2.22822
6.42662
4.73494
-2.80116
4.16525
0.148191
-8.56639
-0.327033
-9.13211
-5.10283
2.22482
9.20674
-6.67812
5.14564
-8.82573
4.72924
8.45144
5.59192
-7.97039
-5.21358
-8.09914
-4.45573
8.71457
-8.06637
6.72883
3.84927
-1.31204
-3.52034
-7.40048
-2.44006
3.19755
7.61366
-5.78274
0.577697
8.86444
-7.55828
0.298719
-5.76869
-6.79676
-1.32483
-0.761019
5.60501
3.69354
7.34395
-9.05635
-6.45734
-7.80951
1.92383
4.18653
-1.8677
1.55357
-5.56549
-2.51598
-8.05019
-2.25355
8.68362
6.62924
2.70408
2.49316
1.57625
-9.41048
1.99413
-7.12117
5.54821
4.70623
3.33414
-7.88847
-7.95533
-4.59359
-4.24527
8.94002
0.138293
8.72698
-4.10797
2.8904
-5.34304
2.58719
6.25994
-9.29867
2.35164
5.48865
-8.46493
-6.54556
-2.80428
-2.42579
-7.98629
7.3888
-7.91652
4.99438
-2.66407
-4.55621
-8.6353
-1.71961
3.49699
-0.567225
-5.51169
1.53442
-7.4784
-0.39689
-6.15028
-7.33224
-6.30845
6.17233
3.75054
-9.10541
5.50115
7.2253
3.35817
6.57093
4.23812
-6.13015
-6.90579
-3.52297
0.650283
2.80736
-0.798651
-6.16739
-1.11805
3.06173
-3.01352
-1.47177
-8.99067
6.1871
-4.3144
-2.81507
7.07569
5.72373
-7.19324
-7.9322
9.35388
7.38179
6.05207
-2.08632
0.646838
9.40084
-8.22943
7.99042
-1.61712
-5.60293
2.45583
-0.769769
-0.788096
6.71065
-5.95535
3.4512
9.25102
-2.30982
8.61708
-7.93513
7.51209
8.42809
-8.2069
9.32937
-4.25621
-4.76228
-9.27008
-2.98989
-4.29702
3.5051
2.41136
-1.34254
8.50839
-4.70752
-4.17886
4.59403
7.79022
2.78397
8.50757
7.40105
0.954456
6.57243
-7.74178
7.21568
-0.775004
8.19024
9.12222
-6.24614
-2.79671
2.5576
2.30982
-2.42402
3.88182
3.87384
7.90707
3.5064
-0.712143
-6.46687
-3.31968
-6.35994
-9.25297
-1.64673
-2.29437
-7.40673
0.611044
-5.0602
0.834861
6.88226
-1.65653
-0.463
-0.73116
7.6145
-4.6716
-4.43991
-0.834629
1.73073
0.296976
3.07519
-2.20667
-3.55098
4.8035
0.674233
-8.00741
-3.5249
-9.13242
0.354445
-1.45409
-7.2231
-5.3487
-0.53909
5.8184
-6.65518
8.51022
-4.17137
-6.12872
-7.75687
2.31789
3.56322
5.7653
4.53692
2.91288
-8.19741
7.18883
-2.36795
-7.16407
-2.19899
4.17231
-7.71602
-9.36694
-9.29922
-0.422618
1.74394
-1.3052
1.46244
-0.636308
7.29746
-6.10105
-7.97753
-8.79082
-7.15421
5.38243
1.28503
-1.76898
-1.03355
-3.75019
-6.84891
-3.00875
6.55229
-2.12144
-7.09254
8.77927
0.152342
8.50637
-7.54672
-3.25699
-3.51807
-4.86653
8.14093
-0.247225
1.1729
-2.18224
0.947199
-1.06248
1.16395
-8.65075
-5.58643
-9.06975
-4.07257
-9.26365
-4.37236
4.79588
-5.01476
-5.8744
0.740604
-0.377518
-7.32904
-0.812705
5.37609
-2.09368
-0.0440204
4.35557
-1.83166
5.19689
2.95345
6.12297
1.36759
-9.31386
5.84623
0.791678
-1.40773
8.97416
-4.90187
-2.00153
4.1399
-8.21141
0.258828
-1.22152
8.86163
-4.15585
-0.518749
6.09281
2.70492
0.897708
8.52588
-6.15275
0.753195
-5.73756
7.23517
-1.14423
0.924438
-9.3987
-3.57907
0.380956
4.44753
0.0295944
-7.52061
-4.32166
-2.19422
2.47403
-2.9782
-5.67086
-8.91572
-3.47806
6.43684
-0.396132
-3.41383
1.57405
-3.21858
0.80393
5.0587
-7.95114
-7.60832
4.9327
-5.76791
-4.70895
4.51542
-3.7288
8.93623
3.81003
5.85989
-3.4439
3.53257
-4.41645
1.96267
2.77374
-2.39131
0.106775
-0.654517
9.41385
-5.69868
8.89394
6.51789
-0.231001
-8.95979
-9.02348
2.51193
2.60702
-4.33723
-3.64152
4.57805
-4.91135
3.95482
2.18711
6.87787
6.30587
-6.64703
-9.06305
-1.72212
6.701
8.87725
6.78702
5.25743
-0.325153
-9.25187
-3.56036
-9.41979
8.00325
0.227727
-4.64865
0.652932
9.35736
-8.17372
3.56703
6.88964
-2.25978
-6.07144
6.12644
-5.38645
7.8563
-8.19264
-7.07729
-6.79731
2.94899
7.25836
5.1918
-3.32336
7.61193
-8.79689
7.24293
-1.65021
8.73507
-0.208053
8.32501
-9.11268
3.98688
6.4575
6.96046
-4.25638
3.00842
5.68589
-7.91338
6.95906
-4.94931
-6.70616
6.54111
-3.63618
8.62029
7.93237
-6.68236
6.92259
7.85443
0.1511
-4.72767
-5.92844
8.09077
0.595081
-3.05427
-0.856588
-1.27703
6.79736
1.75782
2.31871
-9.24136
-7.34885
-8.15021
8.55412
7.72062
-7.116
3.75091
-7.59515
-4.57064
3.56136
4.22869
-3.20536
4.32494
6.93223
9.25274
5.88494
6.30394
4.70614
4.55553
3.05176
4.06833
6.91053
7.90019
-4.17624
6.91266
1.07849
-7.74024
4.71445
-4.29841
-6.58361
-1.66588
6.86358
2.74108
5.16579
-4.14889
-3.90143
-4.29271
-4.89847
5.46031
1.58351
-4.27851
7.277
0.672727
-0.506257
-7.40915
8.37985
1.03266
3.81462
-4.84123
6.31811
8.21452
3.77152
-3.58456
5.45288
-9.11276
1.08194
-0.301611
4.58997
6.74544
6.99384
3.86621
0.368711
1.80024
6.66123
-3.46264
0.535023
9.18192
8.82622
-3.32211
8.2671
1.35634
-4.64843
-8.44126
-6.77294
0.371914
-6.89422
-0.87675
4.64277
5.96949
7.77599
-2.30922
5.22057
-3.48964
-6.83368
-6.60504
9.42095
0.863297
6.24377
-6.59264
-6.74855
-8.97237
4.52338
1.33455
2.14853
-1.09843
-1.99704
-0.732437
9.28497
-9.04824
-1.46193
-8.64608
3.05027
2.40117
-7.03529
0.155496
3.54683
-9.01054
6.97824
-6.09327
-9.4929
-8.70825
-7.79146
-4.93448
7.86636
4.97537
-7.47968
6.81797
-5.51673
-6.22497
9.31765
-0.997668
7.90249
-7.8243
-5.18125
-1.81575
-5.05139
-6.14533
3.5531
-6.38228
-9.05868
6.5541
-8.94046
7.54198
5.67615
5.75459
-3.91849
1.28968
7.66598
-7.60641
6.93284
-2.82105
-9.02937
1.89559
2.75465
-6.9478
-8.34865
-9.35632
4.34453
0.31425
1.31362
4.85604
6.06869
5.00674
3.35119
4.88299
3.21931
-1.15444
-7.70812
1.50406
-3.34588
-1.53244
1.09778
-7.61552
8.47583
-0.0144472
1.4547
5.66827
7.65857
3.11625
4.86155
8.40187
9.35137
-4.34331
-7.94634
-2.99585
6.21582
0.302402
-5.94425
0.260472
1.14005
-6.41723
-1.06757
-9.42999
-2.25455
7.45682
-0.0369473
6.05326
-7.18632
-8.60112
-1.37185
-2.08024
-9.33704
1.61743
4.50708
1.16946
-4.64777
-7.79634
5.99356
6.33335
8.20523
-0.113657
0.59836
-6.21197
-5.95347
-6.77013
-7.1984
1.60523
-6.87487
4.388
-4.01987
-1.84654
-4.38298
3.13079
5.74054
5.86821
2.58941
4.13044
4.7454
-2.58271
4.88779
4.69085
-5.27021
3.39837
1.30379
2.29718
7.86518
-8.72535
4.37662
-9.33819
7.05759
7.10838
3.84164
-1.50561
-5.69933
4.65636
-3.57657
3.99206
-3.64905
6.6419
0.067872
-8.41439
5.05941
8.57206
1.38847
-8.23599
-3.08075
-3.02237
6.86459
8.79583
0.269817
0.907115
-4.95895
-0.442269
-7.32977
5.60814
-5.88382
7.1826
9.44117
1.29261
1.43509
-7.36
-1.33772
3.76799
-9.10408
7.04783
7.78308
5.42762
-1.40497
4.21614
1.18498
-5.99664
-2.98198
4.47676
6.94061
7.28884
8.82598
-0.453546
3.04365
3.06185
-8.39189
8.01791
3.66906
-7.97893
7.87819
7.70948
-1.49279
-6.9325
1.18669
-1.61619
-1.59564
5.06758
5.6119
-1.60681
8.14568
-2.96297
-7.22349
-8.92705
-7.73585
-7.46375
-6.49008
3.75533
-4.38814
-6.82785
0.087985
-0.890466
-0.472673
3.23828
3.39518
-2.07818
-2.45246
-3.8984
-5.98306
0.978761
-4.04303
7.05244
9.11876
-5.83649
3.31644
8.7263
8.91216
-1.44001
2.55726
-3.63999
3.18223
8.8663
-0.759333
1.05383
2.14245
5.5476
-2.43369
-2.60109
9.39698
9.06548
-5.88023
-4.04089
-3.58287
4.47803
-5.53119
-2.94103
-1.60995
-1.69699
-0.442758
8.54488
-4.31292
1.69044
7.84101
3.80134
-0.789292
4.88414
0.600868
3.68619
4.07841
2.73917
-8.50989
7.43702
-9.4269
0.238575
6.09019
9.07365
4.89464
4.86326
-8.14848
-0.357851
-3.4143
-3.76795
-4.17245
-8.95665
-0.643536
-4.52538
-1.62151
-6.65791
-1.40573
6.00879
-3.13006
-8.49198
0.177225
0.642218
-2.34169
5.91075
-2.08766
-4.70511
5.43446
-9.24684
4.2464
7.33986
-4.10198
-5.97866
6.37993
-2.44224
-5.65308
-4.37198
3.73976
-2.10317
9.01787
-3.3954
8.96412
-7.05186
5.8354
1.23803
-6.6078
-6.35976
7.66008
-1.06702
-4.51329
6.57442
2.32325
-0.807291
-9.03308
-0.3434
2.07969
-0.662891
-2.76713
-0.351482
5.83451
0.397206
-5.51324
2.48272
1.34538
6.09249
1.35297
-6.48791
-2.6564
-0.406248
-7.71369
2.22559
-0.974841
-7.71891
-7.86217
-3.11689
-4.78163
-4.6624
-6.87512
0.409636
-5.39722
-2.36689
-7.69172
1.53202
-6.71276
1.15238
-1.81566
6.43557
-7.60497
7.1857
-9.401
7.31853
-0.416603
-8.24436
5.33725
-7.72939
5.96595
-9.31239
-8.92933
-2.70413
9.33737
7.35954
-2.94987
-0.6542
1.68843
3.58574
-2.89226
-8.73514
-6.5723
4.06241
-2.91559
-4.36578
-8.10913
0.168684
5.19377
-8.89227
-8.804
6.26354
3.01252
5.89526
2.27367
-4.02723
-4.31368
-3.85007
0.258123
6.54536
-8.60223
-1.97387
-0.440083
-9.02722
7.46825
1.43279
8.68624
-7.1555
-6.91213
1.89664
7.64484
-0.549859
9.4973
9.037
0.451766
3.90079
-1.66499
-2.29998
-0.715836
-6.70692
8.53177
-5.57659
-3.36166
-0.0929079
6.74908
-9.31025
3.07574
0.984751
-7.54404
-0.993101
-1.65374
-8.12482
8.34737
-8.21678
0.282066
0.54449
9.24224
3.23036
1.42128
-5.56927
-7.94846
-7.97247
5.29848
-2.25866
-3.7223
8.78908
0.0234699
-2.60415
6.16976
-6.503
-5.29094
7.94848
5.05723
-6.63549
-9.13171
4.90343
-0.0764437
3.93025
-6.14827
-9.38073
1.28812
4.75449
-6.43141
3.11828
-3.5474
9.35452
-7.52325
3.77085
3.8997
1.25731
7.53496
-5.99242
-3.5971
3.13681
7.98873
-3.56948
-4.26349
4.89357
-0.262535
5.47006
9.25916
-9.40886
-0.763676
-2.42283
-0.998873
1.93916
8.0013
-6.19395
3.44043
5.56303
-0.129938
5.79759
0.448956
-4.85153
-7.17869
-3.71207
0.707208
7.99373
5.42734
6.30804
1.30511
2.28991
-9.2173
-1.93139
-2.15642
2.96902
8.20285
-4.28231
-6.52842
5.78462
-1.1467
4.04875
-8.99491
8.2812
-1.84082
0.761482
-4.7994
2.86783
-1.87553
1.78678
3.70347
-5.18677
1.01378
6.69898
8.04433
3.29023
2.39931
-8.43083
1.60845
-1.79556
3.26182
-8.21632
1.79045
5.03824
4.9083
-5.11151
2.85042
7.15955
5.0259
8.6307
1.81205
1.53447
-8.91125
-5.1961
1.72575
8.35957
3.19802
2.816
-5.12485
-8.98067
1.80707
1.59357
2.64031
-5.71254
2.33911
-5.30628
6.11599
7.98053
-5.21382
9.37877
-6.72408
1.70461
0.663304
-8.24166
8.61447
-2.27212
-4.19154
1.63919
-3.80458
8.25365
4.44195
9.0186
8.03005
0.974165
5.10789
-3.68558
3.32011
0.431653
5.13693
-8.58383
-3.66397
1.55797
-0.611732
4.84286
-3.95421
-6.94166
3.95233
-6.53823
7.81436
-8.28296
6.07341
-0.211515
2.96036
6.46025
-4.72482
-5.08697
5.32773
-3.35524
8.13151
-5.47039
7.75495
0.464324
5.65266
0.724854
-8.88042
-9.26653
-8.72953
-6.58125
-6.62121
-7.36693
-4.51166
-7.28589
-8.04558
-8.31421
1.14559
-0.935486
0.983456
-5.46839
-8.25482
-1.08934
2.34773
3.4957
-5.78159
-4.24992
6.89334
-1.06675
-9.20958
-2.81118
-2.04252
1.0058
-0.307173
-2.79391
3.70619
4.11519
1.51751
-1.89923
-6.26035
-4.55734
-7.68497
9.48075
3.39197
-9.19315
8.9152
-3.1532
3.80191
-7.16754
-6.99584
0.124942
5.23322
-5.26975
7.37836
7.18483
-0.89711
-2.01161
0.748146
-1.14519
-8.03885
-7.55974
-8.52568
-0.515625
-6.66004
-7.21567
5.17581
-6.53652
4.55172
3.74302
6.66363
4.75111
0.427715
4.35016
-5.88014
3.79132
2.86663
-3.04265
-4.48135
-0.382823
-1.24144
5.20274
-4.68922
4.3434
1.79258
9.01427
-0.70989
-0.716819
0.617848
-3.15476
9.48404
4.05282
-7.11688
5.01803
6.0715
5.57606
-1.11301
-8.75523
8.00588
9.27053
-3.53787
2.20091
-7.73275
-8.51084
8.75802
-1.80731
-1.71066
6.48083
-7.2825
3.52814
3.9346
-1.78699
8.16208
-1.78328
-6.76096
-4.00675
6.66198
-3.21885
7.24031
-9.31948
0.40023
-1.19083
-8.00306
7.84232
-9.03992
7.94021
-3.04371
5.39198
3.5349
-7.02923
8.56198
-6.61635
0.960961
-1.88428
-4.93988
0.731277
-0.00453186
4.67936
-9.13555
-5.96203
6.80867
4.88745
9.41219
8.33297
-0.21403
7.21668
5.5005
-9.48294
3.39715
-7.55566
-1.52037
5.81978
-5.20536
2.94066
-8.01367
-8.61724
1.04774
3.91069
8.76912
1.09733
-5.55641
-8.6818
4.57178
0.53784
8.84377
-0.544072
-7.82355
1.34778
4.24487
-1.42559
2.11655
5.31855
0.752114
2.54499
2.92591
-4.49296
0.24015
-7.66984
-8.45942
-8.17195
5.0479
-8.8846
-8.96698
0.68412
1.59147
-4.03505
6.13926
-7.84774
-3.56532
2.17021
7.20435
-8.36717
4.09513
0.316381
-2.41978
5.53871
-3.20796
8.22066
-0.976505
-4.70647
-1.89805
3.49839
0.497966
3.28486
-1.95693
-4.30252
9.16586
-5.72018
-9.15139
-7.59598
-3.97203
7.04207
-5.83445
1.20353
3.04798
-1.82251
7.92985
-0.910174
7.32653
-4.63954
-2.17024
0.617014
8.38825
-0.506973
-2.3343
-9.39665
-1.65898
6.04161
4.16842
-2.18868
-7.60072
-4.36706
0.50745
8.81767
6.02129
6.44279
-6.62445
-8.96468
-1.18374
-1.2522
-1.07911
-8.19476
2.84118
8.93396
9.23191
-4.20965
-0.907029
8.32755
7.42226
-4.88343
8.95788
-4.33216
-0.630453
-6.72914
-7.69119
-6.74706
-8.95023
5.80249
-4.85347
7.89064
-9.47626
-7.74005
-1.24353
-2.80033
-5.36289
-2.29245
-2.64838
-2.90458
5.36754
5.69858
-5.44578
-9.19263
-8.05045
6.94059
5.1531
-6.89535
-0.328647
1.62391
-6.82816
-4.19917
6.40856
-8.85407
-7.69952
0.396568
3.59286
-2.78859
5.53143
2.79945
-0.998851
-0.0636396
-3.6393
-1.93619
-6.65466
9.01918
7.04064
-0.962413
-2.79616
5.03108
8.19276
-1.19566
9.24683
4.56513
6.80779
0.496384
-2.27948
2.88914
5.47206
-0.352318
9.37099
-0.0810137
-5.12511
-1.47008
-6.65643
-2.13665
-8.52502
1.4153
-2.8235
-5.02016
4.94314
0.666969
1.07485
-8.01505
5.44783
-1.2391
1.7545
0.0131721
2.77026
-8.10304
-9.31634
5.38602
-0.860901
-3.88461
3.69564
5.10067
-4.07935
6.99701
-5.38621
9.33005
7.86237
2.94866
-7.33791
9.3637
-0.0955238
-4.28915
5.00749
5.20599
2.88477
3.06574
6.48217
-3.28897
-1.67749
9.23708
6.17437
8.73712
-5.025
4.84195
-4.04175
-5.61394
-7.63765
-8.07685
3.74755
-2.125
3.61335
1.64919
5.75858
4.17289
6.94659
5.89489
-6.51341
6.53497
-8.55611
7.96955
1.61631
4.70062
2.17714
3.60674
-1.36165
-1.88889
0.32091
-8.16271
6.84624
-1.93106
3.19653
3.31907
1.05878
6.93325
-6.05678
4.07338
-8.92898
-1.00696
-7.00073
6.96289
6.16808
3.4996
-2.63987
-3.60448
1.08137
1.72273
7.91802
9.09408
-1.45908
-6.03834
-9.41274
-4.67398
-3.82965
-2.91014
9.43567
0.417031
-0.674933
-1.38194
-4.51483
7.24185
-8.63779
-9.03303
1.74609
-7.0987
-6.87415
3.2659
6.5526
-2.35542
1.59202
-3.2369
5.22367
-1.1852
5.86611
-0.157173
1.89437
-1.90922
6.62678
-6.97701
-9.48717
5.56386
5.78873
4.86267
-2.63404
4.80009
9.41419
9.1755
3.39667
0.882831
-4.96078
6.18067
7.57288
-5.65337
-7.29987
7.80172
0.841598
-7.1088
6.14228
4.22177
2.84679
4.55727
2.91143
-2.93611
1.19343
-3.42854
-4.76689
-5.25979
4.4392
5.83026
-9.35301
-4.16863
2.37612
3.79536
2.91603
8.66443
5.42723
6.93954
7.83143
3.99476
-2.34466
2.64428
7.058
7.30722
9.3244
-8.50759
-2.87057
8.53413
-2.48125
1.91326
-3.67734
-0.433363
2.3638
-2.78137
-3.0536
-2.31603
-2.32389
1.42657
9.18033
-5.54373
8.60145
6.48245
-3.01948
-0.933829
7.24851
7.45726
-7.80579
-0.368563
4.72763
1.76801
7.756
-0.344303
-1.38737
-2.26144
-3.4495
9.45509
2.4602
1.42865
8.28946
-8.12807
-7.7147
-0.0329819
7.89595
9.42454
-8.82085
-5.16548
7.91627
-7.13931
8.91309
-2.50029
-1.24862
2.89966
-2.39448
-4.31382
5.41223
3.81588
3.96885
4.71047
-4.48206
-2.48326
-6.78475
6.48887
-5.07566
-4.40172
-8.33466
5.21072
2.02635
8.90686
-4.47315
2.15115
4.27898
-6.87436
7.98478
-6.87554
5.34066
7.85279
-2.52878
1.1791
-3.38545
-3.83251
-6.73885
-0.064352
7.82571
-3.23896
-2.31368
-7.30471
-4.96782
0.954746
4.4645
-1.48151
-8.36531
-0.851599
-9.04037
-4.34178
7.58822
-4.67904
1.08737
8.62874
-3.50078
6.76061
-1.71965
5.01544
-5.19024
3.3143
9.28509
-8.37666
3.73357
-5.38912
-0.289906
-1.68884
-0.277034
8.17772
7.24695
4.66676
3.87145
5.80034
-7.81779
8.36682
3.93835
-0.770271
8.5717
-7.5142
3.43604
1.69706
-0.704218
9.40674
-2.62955
-8.96815
0.66124
-5.01568
-6.20982
-2.92831
-7.33695
4.64791
-7.25415
0.685886
-5.7696
9.32803
-7.60884
2.54493
3.86014
-8.0474
-0.20472
5.57441
4.10345
5.74247
-6.34387
-1.34072
3.93201
5.43776
-2.41297
3.19435
-5.57971
1.18989
-4.34533
3.17241
8.75429
4.54418
6.55315
6.97479
-4.58586
-2.15299
8.93497
-4.52144
-3.60308
4.0409
-7.21025
2.97453
-7.31863
-6.37889
-3.76354
8.82147
6.7041
-0.571712
-2.32975
4.30981
-1.08414
7.29628
-2.3825
-2.53998
7.09096
-1.10636
3.86035
0.376783
-2.48551
-5.42712
0.239845
1.78521
-2.23962
7.79442
5.0955
-1.25014
-2.92968
-0.00380421
-4.27847
7.83214
7.06334
-4.93665
5.93586
3.48116
-0.479393
2.75187
-1.72934
-7.99312
-4.43109
1.47701
4.5113
1.49191
-4.53699
0.67295
4.59034
9.44656
-1.68587
1.03495
6.64873
9.14055
-5.70094
0.984469
8.24981
-5.81324
-8.99119
-2.43821
0.227494
-2.13645
-3.09357
8.21687
4.2728
2.02298
0.591143
-3.15526
-9.29034
-8.98822
-4.3948
6.86716
-0.455099
-7.86587
5.4629
-1.46582
1.88586
1.34319
-4.60609
-3.03323
-0.825797
-4.6222
-5.04469
-5.52282
-4.95308
1.16564
6.6964
-3.65696
-1.17179
-0.374395
6.00949
-7.09687
1.37887
6.78777
3.41079
-7.15587
-2.28983
-2.02965
-0.19486
-6.50272
6.01511
-0.312111
8.28931
-3.39049
5.42055
7.27505
-8.41002
-6.44392
5.80589
2.88874
4.29126
-7.60813
-4.47415
-7.9525
-8.65137
2.40713
-6.29668
-9.10622
-5.00476
-6.88626
6.33311
6.41624
3.07004
5.65506
0.164075
1.45771
-5.28694
7.92076
7.09821
-8.97566
4.15142
4.30632
-1.71014
5.39237
-5.91011
6.76196
-8.88641
-5.47877
0.463963
-3.03241
-2.31877
2.56177
7.74233
5.92988
6.53561
2.83253
-7.02621
-5.33606
-5.44109
1.86492
-4.19127
-4.93439
-5.74382
-3.6911
-3.98131
-7.09558
1.27749
5.48729
2.47623
8.50014
5.45867
-3.28633
-1.33362
5.24888
-1.93618
5.84406
-6.45623
-4.8959
-2.90507
0.902046
-1.85553
-8.80197
-3.62171
7.45844
-0.480225
3.02182
-4.56119
0.728634
-0.120489
5.23914
-7.10744
-1.84818
6.81943
1.15444
-3.92322
8.24239
-8.67979
3.14807
-7.91299
-6.79209
6.46695
8.06874
-4.89161
-6.67909
-1.23476
0.427327
3.33629
3.21336
2.54602
3.35345
2.98069
-5.79669
9.358
-1.35707
0.387003
-1.02917
-4.21262
3.20042
8.89672
9.3989
-3.97025
-7.10909
-6.3891
1.38052
-2.1598
0.892488
2.93521
1.38626
0.176167
-5.3464
-1.93058
4.11373
6.29019
9.38658
-0.740376
1.16726
6.22397
-3.79435
0.0169668
2.48139
2.46289
8.57687
-3.96586
-7.88246
3.61242
-4.77116
6.37475
-3.59548
2.18373
8.7588
6.30428
-7.64155
-1.17059
-8.31256
-6.58704
6.82639
2.99234
-4.52725
-1.20742
1.34116
-1.01221
1.28225
-6.52277
1.05645
-3.18302
-9.41611
7.73954
-1.74032
5.74526
7.02835
-2.66424
5.43219
-4.86941
1.89369
8.24618
-5.81235
6.27379
2.99441
-0.0990887
-1.01318
6.15639
-2.12113
6.66708
-5.5267
4.92793
6.53026
-0.413484
1.90487
-1.61721
3.19055
-5.28933
-1.23149
-7.53852
6.8244
0.519526
3.20996
7.49431
4.89832
-1.80361
-6.98931
-8.59498
-4.55544
8.45752
8.20917
2.11105
6.61734
-0.453834
-9.39105
-4.65606
-3.87869
-3.30823
1.66202
-2.73007
4.76311
8.88673
7.37552
5.89213
1.87733
8.89618
-0.449327
0.633603
3.4485
-4.98752
5.02844
1.34722
9.27597
-5.6554
-2.98863
-0.412849
8.62522
5.41296
-7.11202
7.02653
8.33816
-5.58496
3.44702
-6.88128
-0.0104809
3.32738
-8.58926
-6.75776
2.46237
2.20086
-6.38117
-3.96761
6.88753
6.78381
-2.27881
-6.50784
8.70629
9.1187
-7.20722
-5.35363
-6.55766
6.4589
7.05499
8.35634
-5.1323
5.6043
-4.54776
5.27064
3.79441
2.46688
0.738157
-9.20895
2.99817
8.96507
-6.29835
-8.09601
5.86404
0.274001
-7.54307
6.19554
-3.9582
0.55306
-6.11617
-5.69574
-8.36596
-2.47613
-5.10073
-3.99108
8.16659
-3.72824
-8.1242
-7.37512
-5.74423
1.96021
-1.95941
-5.22608
-0.196465
5.39482
4.7415
-6.26643
-6.49488
5.4554
8.11882
7.95262
5.07104
3.64258
-1.07892
5.18701
5.76555
-0.978009
8.67791
0.859446
0.0049305
-3.72207
-4.75829
-6.51901
-9.38749
8.5237
6.26759
9.47503
8.6847
8.36989
4.80078
-8.69921
8.54744
-8.27331
9.01922
-4.05867
8.18708
-7.23734
6.58118
2.17562
-4.81996
5.92502
-2.82437
2.78626
-1.48234
3.46612
-5.28696
3.88476
-4.91031
-1.8024
3.13306
8.64642
-0.18653
-7.86063
2.4213
2.68841
-1.23296
-4.27562
2.70945
5.58247
3.9574
-9.31702
-4.92131
-6.844
-2.40403
2.18478
-8.52999
1.46353
-8.35644
-7.76237
-5.98403
1.96391
8.24803
-1.06915
-7.90415
-6.70226
-8.06466
-6.05237
-8.34728
-8.61961
7.786
0.788128
-2.11067
3.14731
-3.59641
-8.63106
3.44748
1.97901
-8.54457
-4.87835
9.00568
6.94667
3.95124
3.98868
-8.87215
1.37346
-7.47906
7.951
-6.77564
-6.49315
8.48172
3.69954
-4.65978
-4.40443
2.48677
7.01957
2.55983
-1.72142
8.14425
0.969004
-5.44494
7.28103
3.99848
-4.98378
-6.33662
2.41736
7.53695
-1.1409
6.81615
-2.21612
-1.92771
-6.93634
5.71451
-3.11828
-6.5471
-9.12312
9.49868
-4.78338
-2.64444
-6.76933
7.53049
-6.09985
5.84338
4.63901
0.092288
-1.07216
7.43873
-7.91225
-2.75366
-8.37445
7.83999
1.25994
5.72218
-5.03154
5.25824
5.8581
5.32874
7.42423
-6.87707
0.422708
-7.83837
-8.54671
5.47509
6.15301
-0.0789747
8.51063
-8.09644
-2.9962
-4.02194
6.32019
4.56338
-9.23509
-3.83813
-5.08941
-5.45878
-0.153535
-2.15624
6.11083
4.37861
6.63394
-0.0571613
8.62367
8.74214
0.653706
1.25722
-5.73595
-0.392235
-3.29612
-5.49206
-9.14817
-2.14989
5.67056
-0.773502
-3.47165
-2.55093
0.483623
3.41782
0.674467
-5.7119
-2.40172
2.74679
2.9644
-8.96303
6.21864
7.89661
4.31804
-3.70254
-4.12832
2.44781
-0.703009
9.39349
2.1572
5.94118
1.39613
1.99062
5.40179
-3.50252
-5.37669
-8.01634
3.44744
8.21897
-5.96605
2.63987
3.59822
6.04576
-7.89868
-7.79928
5.5264
7.64038
9.14636
-2.63307
-2.86112
-5.38838
-0.769135
-7.83029
-9.26954
1.05546
8.09536
-3.32934
0.409094
-3.87195
-7.73057
-3.19884
-5.95234
-0.699839
8.68181
-6.14887
-8.79066
-8.75981
-0.654001
7.84406
6.94932
-8.41753
3.28669
-0.635031
5.46593
2.71691
0.700127
6.76293
-0.271644
0.23346
-4.80435
4.14445
-6.23069
-8.017
6.50323
-1.92295
1.27599
-4.65395
4.81467
-7.41144
-0.0343056
5.68306
-2.65731
6.3491
-7.88526
-2.92001
-7.51793
-3.39733
2.62846
-1.22477
-7.275
-5.45459
4.93324
-4.92875
1.6197
-3.71551
-8.23443
2.71417
7.3332
-8.3534
-4.66801
7.78958
-8.9758
-3.38561
4.32248
-6.0793
-3.12094
-3.99814
4.11275
-3.01274
-2.91064
7.8611
-3.29825
-1.76572
-1.70253
-8.86284
6.44189
9.12111
7.09093
-0.367732
-8.10425
5.9203
3.25569
6.40574
1.6604
5.81847
-2.08234
-0.970813
-1.22121
-9.00934
-6.71267
-3.60206
0.493599
-1.43915
5.76
-3.53489
-0.231833
-2.80432
-3.63405
0.950054
-4.46563
7.24271
1.38943
-0.80974
-6.69358
-3.96006
0.878734
-7.67612
-6.15916
5.65441
1.65984
5.03757
-4.13575
2.3094
-4.03314
-4.28822
-4.55639
-6.26038
4.88859
3.7035
4.75175
6.72367
2.26922
-8.82486
4.17352
0.773726
0.860769
5.19871
-1.96341
-8.44865
-5.62485
0.849586
-8.37117
2.11366
-6.06682
5.07578
2.4959
-3.61838
2.36396
2.68875
5.74857
4.42268
2.11285
-8.11459
-7.03101
-5.39723
8.47317
-6.41816
6.40181
-3.19462
-9.15714
0.340187
-4.29317
6.99409
-8.01556
2.40267
-4.76842
2.38115
-8.99648
-7.67727
4.88405
-8.01769
-9.14122
6.35679
-9.01112
-1.979
0.445431
-5.0608
-7.20599
-2.88826
1.54902
-9.02883
-3.06219
8.83603
-6.48871
-5.4162
-0.99027
0.935665
4.29148
2.97193
9.38034
-5.88603
0.262264
-4.14606
8.28541
5.68303
-1.4722
-2.95492
7.21796
-3.88339
4.92642
-7.25764
-4.87505
-5.18124
-8.22924
0.449256
-1.48136
-4.60738
-4.21106
-9.40781
8.07167
-0.702435
1.73455
3.96331
-3.101
5.20626
-2.31249
8.42809
6.70537
4.48592
-6.55942
1.1251
3.30387
-9.12769
5.79625
8.94407
-8.44064
-0.160525
-2.3315
-4.18973
-4.62305
-2.13771
-1.35802
2.68239
-0.208338
-6.99355
-4.64751
8.39367
-6.67168
-8.74221
1.87283
-3.95506
-4.25417
-6.23066
-0.930542
-2.10316
2.95134
-8.5006
-8.2433
-4.91237
6.80472
-4.23445
9.25762
-2.7748
-1.94769
-3.13465
-3.01642
-4.64576
2.98478
-0.210093
8.36605
-4.22476
-2.76805
4.34418
-0.932432
1.71158
6.46693
3.56203
3.96698
-6.44721
2.16735
-3.51972
1.02175
1.41389
-5.03091
-2.34013
2.47822
-4.80147
9.09552
-0.129028
2.4654
0.570979
-0.329808
-6.95073
7.38513
-9.42832
7.17388
-1.28825
-1.60957
2.13147
-4.11812
8.05435
-3.84453
6.29978
-2.04304
-7.63565
-8.25324
-7.33906
5.67171
-3.73781
-9.07316
6.92226
8.42731
-3.3115
9.31486
-7.13197
-6.57035
6.27716
8.07225
-4.38844
-8.65788
-5.44286
-4.68304
2.9283
-1.261
8.41303
1.95587
1.29528
-6.34193
7.46433
5.80688
-2.55151
0.479094
-5.33903
1.54994
-5.93344
-0.908028
-6.67483
-4.01191
0.108613
4.15944
-8.75854
-9.29115
6.06485
1.42564
9.06715
-6.04425
-5.60514
-4.3631
4.61981
2.05188
3.78047
8.12072
1.63052
-7.96218
-1.49007
-6.19639
-8.34804
4.65093
-7.31437
-0.411467
-5.0493
1.29903
-7.83899
-4.70964
-3.36061
3.9595
-7.27786
-3.91106
2.19457
-9.01653
4.40501
1.56334
-8.28902
8.84342
4.69616
6.00724
-2.92163
3.63799
8.63985
4.13762
2.74392
5.70895
-5.90557
-3.30187
1.69044
0.135528
-6.68401
-6.81391
-7.14926
1.68865
2.17196
4.40407
-1.0065
2.96809
-7.82734
8.9925
5.20283
0.382637
6.49935
5.58625
-5.23764
4.28524
-2.57935
3.10532
-2.1817
2.48986
0.923126
0.264437
-0.883274
0.996924
-2.64632
-7.18931
-4.50299
4.81708
-2.50017
-2.34222
9.25639
-5.50291
-4.44293
0.430019
4.53776
-4.75564
7.2393
6.75626
-7.55897
8.87698
-0.9787
6.7258
-1.83813
0.0520372
-4.85332
-3.82451
-3.13549
-1.24931
7.95865
-3.79553
6.92802
9.4443
-1.96326
3.25123
-0.176631
-2.48761
8.50501
4.67101
-1.37823
4.08514
9.27217
6.86613
-2.46104
-8.49612
8.02779
7.18721
2.11618
9.35741
5.58998
7.49561
-1.97455
-2.65944
-7.3325
-2.58049
-0.269231
7.01327
2.82837
-2.57415
4.11077
-2.63838
-5.79596
6.52193
-5.15479
2.74223
5.21428
8.34145
-6.53585
8.51717
7.76159
7.57535
-7.5491
-1.34575
0.771061
8.80647
-5.90962
6.17982
-4.35409
1.85587
-5.18634
2.83194
-7.41721
2.18234
-0.652111
-5.28122
-2.30734
-8.32446
0.731449
-3.34989
2.22713
-7.21286
7.06874
-3.20754
-9.24852
-1.08128
0.768447
-8.10184
-2.98946
6.92483
-5.94429
-6.99816
0.652163
-0.936326
-8.59195
5.15837
-4.21606
-2.82469
-7.5962
6.63478
-0.268458
1.63336
-7.89337
4.48406
-1.17144
6.86816
-7.27208
-4.34102
-6.39754
5.84329
5.26754
-2.31488
-1.83736
8.53689
-6.73883
-6.66964
-4.98949
-6.54729
1.59934
-3.45756
-9.09441
-1.6625
-7.34955
1.26368
-8.9365
-4.98626
-1.26581
8.77389
-7.21222
-8.30574
-4.42079
-9.05652
0.461617
0.0842857
6.67746
0.528452
-4.10291
9.13585
2.86242
4.80044
7.50649
2.51305
-6.86248
-3.65836
-8.65022
-0.143605
-7.48944
-7.62103
-0.778425
-9.05002
1.77337
0.485355
8.56172
8.28083
4.23253
7.84954
-3.9053
-7.79817
6.11203
-0.262251
2.37623
1.21744
5.55768
-9.17007
-5.92822
7.69051
9.30714
1.45219
-3.23479
0.909721
3.49291
-4.83023
-1.77247
-3.53065
2.3012
9.3998
4.66553
9.1528
-3.89491
-1.67261
1.99961
-3.14099
-2.04749
-0.0431347
8.29905
8.73664
7.62937
1.03187
1.00165
2.95501
-4.12303
3.87303
7.5354
-6.60342
8.39866
-5.25367
5.61018
2.88759
-7.32657
-4.61534
-1.96969
1.74476
-3.21224
-1.39413
-7.34849
-9.36109
6.88644
-8.36944
4.44876
-7.98176
-0.856862
-5.59423
-4.5772
-4.47813
-3.82326
4.43843
4.88837
3.62529
1.62676
-6.31889
2.4385
-1.20378
-4.65912
-0.151423
9.24633
2.62614
-5.95522
8.12224
5.41465
-6.81398
5.60497
-2.1571
1.0755
5.74493
6.83568
8.5212
-5.03052
-8.03381
-4.81606
7.44547
-3.93089
-0.900597
-1.78038
3.93729
-7.38099
3.30421
4.92224
-7.09491
2.31644
4.28689
-5.48952
-3.90259
-6.09889
2.02756
-7.71959
-6.11855
5.39175
7.87821
6.3747
-6.95697
-3.75611
-2.84564
-0.357889
3.62079
-2.09396
6.90322
-4.10447
2.80227
7.12984
-2.40427
-4.59052
0.532347
6.08814
-3.81316
8.50032
-7.1372
-4.99396
-6.11805
-3.23287
-5.72483
-8.02557
-9.20427
3.71621
0.447157
4.73807
-7.58662
-2.11345
7.97673
-9.16644
-2.5854
-5.38052
-3.43923
1.04746
6.99825
-4.50667
7.04055
5.71954
2.98442
-0.117552
-2.8538
-7.44162
0.797361
-0.893854
7.01217
5.32728
-1.05862
0.13309
5.31147
2.68636
0.00815582
-3.75418
1.89439
-3.04726
-7.33804
4.07335
0.0462437
-4.90977
-7.69444
-1.36955
-0.754326
-0.264318
-5.25327
-4.52846
0.22279
-7.49125
6.40652
-3.31335
8.63002
3.65936
-6.20868
-5.86224
-7.99879
1.30456
-6.03518
4.57358
-7.51773
3.44434
0.31286
-3.71616
6.2818
7.71118
3.96329
-6.8318
-8.86926
6.31356
0.187167
-3.10535
-7.17996
-0.741769
-5.44004
6.71394
-4.11828
6.92018
-2.43755
-9.04185
-4.10969
-0.328533
-2.48526
-4.11392
5.72425
-5.72037
-1.73838
-8.1643
-7.96626
-1.52471
-7.16557
-5.40199
2.21603
-9.1183
-4.94789
6.76128
-0.331016
-4.47422
-1.89567
1.62831
4.37773
0.971595
-2.69265
2.18569
-5.36388
8.85792
8.30188
-8.42053
3.63252
6.40631
-7.38322
8.85657
-6.81787
-6.89493
0.374804
3.77328
2.25529
-9.20671
1.22241
-8.77533
-7.71845
2.5486
-9.40508
-0.259811
-0.517368
8.93332
-6.92192
8.82408
2.84645
0.54528
4.52922
-0.457281
6.76797
5.83197
0.293947
7.9617
7.05137
-0.976325
5.55785
9.14853
-3.15449
6.60662
-1.59025
4.86846
-0.269494
-3.64205
6.75231
0.0113602
-3.33194
2.56981
1.49527
-0.911871
5.33821
-2.66546
9.13715
6.71334
2.02569
-3.6207
-3.98408
-1.36209
0.404416
-8.12938
2.26797
3.50573
-8.08747
-9.09924
-2.76016
1.73747
-7.58466
-7.87925
3.5739
6.98305
2.69044
3.99901
7.94583
6.63432
3.18233
-9.02517
-6.52275
2.3456
0.110886
7.09407
2.53389
4.79119
3.36127
-3.93901
-1.11088
1.18246
-2.70843
-1.05526
-4.38359
5.55261
7.22194
-1.53317
-0.253059
3.65062
1.10394
-3.94416
2.2923
7.66937
-1.31899
7.10472
-1.00825
3.89862
1.40742
-3.89374
-4.01011
-3.14695
3.1508
-7.42216
-3.31182
0.149869
-1.94921
7.33377
4.37774
6.59527
1.623
-9.43743
-6.47649
-4.96335
8.93003
-9.12743
-4.284
-9.34326
-1.77072
-6.87846
1.86827
3.89794
6.65086
-4.3298
9.29276
8.83314
1.82533
-4.05628
8.99439
5.67527
4.54191
-6.4228
7.68865
1.35391
-7.1817
6.5292
-8.7491
-4.21829
-7.55931
6.44802
8.25798
5.20071
0.265256
2.51381
0.428742
-8.7333
-8.21094
1.45971
-9.37461
3.09587
-6.18913
-8.03968
-2.52587
-3.00921
2.78543
9.36455
9.18201
-6.75265
9.27912
-5.92501
3.16644
-3.15855
-6.47639
8.8149
-3.17735
-7.97055
0.211172
9.06221
-7.19899
-0.906923
-2.30851
0.772322
-3.98348
-2.48358
3.45143
-4.37378
6.48431
-2.22876
-4.66588
7.1204
-5.38444
-4.87898
4.42683
-2.05366
-3.44548
-0.911081
-0.0639963
-7.33744
7.2882
-6.31969
7.43861
-8.0943
-7.0444
7.22989
9.47762
-6.16498
0.532899
1.50976
-6.82986
-2.92196
8.17476
-7.70429
2.7723
1.49819
3.24706
-8.1766
9.08901
-5.39141
3.40603
0.334333
6.18877
6.97684
-6.8746
1.68139
-2.0573
6.0202
4.9264
4.22821
-6.72581
7.7592
-9.09509
-7.96148
3.65399
-0.398603
-3.45779
6.56443
5.06484
5.96314
-2.99474
-0.875006
0.299248
-0.36965
-0.920386
0.094677
-3.02784
-0.0215635
-0.882902
-2.99839
-5.61019
2.61384
-6.81875
-9.40037
7.42409
-8.74638
-1.45389
-3.639
3.73183
2.41879
-6.61909
2.79596
-9.36306
4.79136
1.70324
-5.75844
0.113193
3.49535
-4.33111
-2.72441
5.34879
7.30114
4.66706
7.70114
3.84441
-0.400682
1.43512
-0.585234
8.34653
-6.61271
4.36686
1.37498
-5.78669
8.78166
-6.0336
-2.6894
5.84025
2.3005
-0.936489
4.62344
2.78527
-1.92279
8.13062
-3.59384
6.47352
-8.20658
-6.70606
8.70259
0.212279
8.99615
1.61471
5.44621
-1.71559
-9.00366
3.89162
6.01075
-8.32166
-1.12307
7.6502
-4.92345
7.82559
2.61202
5.87773
4.01244
7.00297
-8.81937
3.08209
-3.18704
-0.301791
-9.2356
-3.08833
1.18551
-5.07558
-5.59142
-1.72068
8.37145
8.76236
-6.28436
-0.876935
8.40193
3.16779
-4.43755
-2.5488
-0.594591
-3.36279
7.85692
3.74045
-3.34157
2.78231
5.82909
-4.59705
-5.17029
-8.1937
-3.20518
1.18014
-7.37058
-7.53839
6.90263
-6.90012
-1.2079
-1.31447
-2.96405
-1.67915
-5.94065
0.563468
7.75382
6.39305
8.79465
-1.84126
1.63458
-8.42521
5.70444
2.4717
-9.44314
3.67182
-4.32815
-7.76614
4.05389
8.79122
-4.8329
6.35635
-7.24254
-2.72643
6.40726
5.97756
7.63207
-7.34327
6.17853
1.261
0.806398
1.84302
-3.33595
7.83471
-3.12579
2.52565
1.8102
6.94693
-5.967
-4.51614
8.42232
3.14342
0.864498
-5.70736
9.17231
9.05835
-4.06286
-4.90779
-3.55966
-5.99227
-2.15202
-3.22437
-4.82483
2.32124
3.72091
-0.935449
1.82262
-7.94545
1.21431
-3.62607
-3.1647
-9.0767
-6.56744
2.24162
3.52905
2.56417
-8.12604
5.0354
3.14942
0.867562
-7.02671
-5.30569
4.03501
1.33905
-7.46562
4.14595
3.58343
3.40724
-3.52282
-2.58283
5.37234
-3.73358
-1.81519
-5.36698
-1.24844
1.97449
-8.2061
-5.48589
-3.12019
-4.60469
3.01542
-2.58667
-3.90877
-1.77514
2.33827
3.48973
-9.15651
9.172
-1.91932
-4.90781
-3.93534
2.93201
3.97023
-5.60691
2.37009
5.27406
-6.00729
-5.80786
-7.3098
7.23859
4.06393
3.02895
-5.66585
-7.80023
-4.99277
1.5871
-8.79109
0.440624
0.466555
6.56269
-4.68197
-6.5684
9.44908
-3.20682
2.65936
7.68235
-1.1321
-1.16755
0.48008
9.33211
8.86595
-3.4137
5.72015
-5.85971
-5.88041
8.76907
0.94483
-4.29204
-0.405975
0.327487
4.10162
4.8129
0.263062
6.77374
-2.63984
0.136186
-5.05373
0.999312
8.13917
8.54488
4.20991
-4.17257
-7.1238
-1.24107
4.9257
-7.49339
8.28181
1.96139
-7.38751
8.14004
-5.62518
-6.08089
4.13256
8.40764
-4.19277
4.53049
1.8933
-0.387109
3.01722
5.84633
-0.56099
6.54284
-7.97586
-3.73983
0.238745
2.66446
-4.40109
-3.31397
7.00805
-4.2113
-3.73483
8.74045
0.104959
-0.0807943
-2.0672
-2.6203
-1.80166
4.5857
-3.73516
5.72889
4.44509
1.72914
4.27282
-8.55589
8.86745
-0.179223
-7.72196
-3.79797
-5.23592
-8.95296
1.20018
-7.97758
-7.11711
-0.671228
9.32593
-0.204904
4.50056
-1.52067
9.25181
-7.65958
8.04009
-5.96116
-1.88424
7.82385
-8.23466
-5.20447
-3.51095
-8.46093
-4.9936
6.87573
6.14434
-4.89762
1.82406
-5.98708
1.88182
2.60572
-2.38497
4.16402
-4.55251
-5.10641
-8.9881
1.0006
7.36754
-6.68122
4.24496
-3.13467
-8.9658
-4.60964
-0.234739
1.40046
-2.80592
9.01555
4.74628
3.34598
-0.671003
-8.14116
5.21613
-0.92952
-4.62788
-2.41459
0.926846
-4.06828
0.247947
-6.93691
6.34768
8.80014
-3.45832
0.733832
-3.496
-3.24063
3.54045
-4.42875
1.6066
1.15003
-3.69375
2.16778
-7.23102
-0.429843
-2.08929
7.01179
0.804008
2.66994
-2.19155
-4.32916
-0.325886
0.397671
8.12387
-9.33299
-8.80372
1.35077
9.21124
5.77978
4.69923
4.29543
-7.68509
9.45664
-7.59256
-1.45119
-8.16709
-2.71043
3.46829
4.23486
4.68733
-8.89143
-1.20481
-0.898806
-2.02781
5.51144
-4.72804
-7.76683
0.0930872
2.0437
6.29667
-7.2039
-4.03734
-6.47846
-8.92434
9.33283
-6.21095
4.05327
-7.95165
-5.54321
5.67544
-8.85892
0.75604
-6.84881
8.69677
7.58423
-6.56928
9.09991
8.30475
0.352427
7.18291
-3.81805
3.81841
-5.10319
5.55061
-5.03485
-3.65922
-0.123531
-7.2261
5.43925
-6.09497
-4.17777
-3.80722
0.87458
-9.12509
-1.73355
-4.71317
2.96851
3.73552
7.52912
-0.43174
5.97883
6.78689
-6.12251
-1.08667
-7.0983
-3.8464
1.65131
4.08471
-2.78047
-8.79094
8.12171
5.02087
-4.85632
-1.79468
-0.403356
-5.98137
-4.31587
-6.82615
-1.96194
1.3349
2.21559
7.75892
-0.47856
4.92367
-5.97489
-7.28103
7.99444
-9.02431
6.98893
0.495733
-1.29688
9.43806
7.29168
8.96717
7.72187
-5.38463
7.78589
-5.94065
-0.145263
6.09213
-6.77793
-8.59512
0.569163
-0.53399
9.44102
-5.03561
-0.203165
2.68902
6.97205
4.76202
6.84342
-2.57887
-7.04345
7.2541
6.59432
-4.35442
8.84214
8.32645
-5.06857
6.69136
-4.6204
-7.75302
-3.31523
7.10958
6.74108
-5.56904
-2.32453
3.56614
4.45456
-7.73101
5.21174
9.3943
4.87144
-4.53396
3.2767
4.12741
5.679
-5.9352
-2.50253
-8.47674
-3.02403
4.52619
6.07797
0.356097
-9.29101
1.43289
-4.16394
7.1795
-6.57725
-6.54708
-9.15751
-1.58134
9.24188
-0.925734
-3.84446
-2.19704
-3.42464
-7.62353
-9.21648
3.94304
-7.51703
-2.25304
1.68026
5.38267
2.65316
-7.79403
-8.86755
-5.47881
-1.81281
-9.19576
-6.19176
8.31931
0.0329256
8.91728
-9.40466
-0.648104
-0.280724
3.26876
6.13516
2.41446
-5.12341
-0.139855
6.06827
6.21574
-4.94194
-5.60042
5.05101
7.66776
8.40847
5.36854
-3.3946
-1.20747
-1.47442
3.71601
-8.53689
9.4112
7.95748
-8.21316
2.64693
1.88185
-9.40261
1.47902
-9.09885
6.52824
7.64786
-8.6425
-6.99221
1.36807
-7.3716
-5.06446
-1.33977
-8.37711
-0.366741
-4.55781
-0.332878
-1.55204
-5.69528
1.03363
-4.38121
-6.03339
5.12188
-7.23799
8.50778
1.57402
-0.518074
-3.14803
4.51455
-4.00368
1.19763
5.7974
1.13401
0.912748
-1.60752
-7.92498
2.52457
6.5449
-5.97388
-5.66715
7.13165
-2.32995
0.0158033
2.11867
-2.09971
-6.55531
-0.66773
4.13492
-1.12076
6.79273
7.01523
1.45097
2.63503
2.5329
-4.12667
-0.569003
-6.59148
-4.09192
6.36559
-8.78934
2.9651
-3.28956
4.51936
-2.73152
-5.67799
2.88267
-2.69794
-0.827979
-4.38148
9.36261
-6.4536
-0.516151
-3.8751
3.80814
0.632277
2.991
6.62152
-6.7954
-7.32453
1.42964
-5.51634
-9.02629
-3.73744
5.00699
8.08407
4.41878
-4.49169
-7.04015
-6.96584
4.33524
7.1895
5.7266
-7.90236
5.34141
-3.54218
-4.49725
-5.40284
-2.10282
8.15754
3.54917
2.35294
-7.01771
0.101142
1.41226
-1.7257
-0.0781384
-3.92994
5.14505
2.03432
-6.53065
6.78124
-0.697619
-2.32933
0.659672
8.50213
-0.505954
-9.28214
-3.75783
-0.206126
8.10964
-5.2067
-1.55989
3.29478
-6.60876
9.06145
-7.13383
4.92711
-9.47888
8.86141
-1.57403
5.38963
-1.78139
0.396358
-3.07351
8.25841
3.06763
-2.22812
0.283674
1.69151
8.02371
-4.81219
-3.27378
5.54859
6.88972
-7.04882
-8.10542
-1.61317
-4.36943
2.48117
4.65432
7.4381
3.58933
7.06689
-3.97133
-5.43615
-2.03636
-5.913
7.1327
2.46349
8.27252
-9.16715
5.83986
-8.50673
4.59938
2.92039
-3.34686
-4.15014
8.12276
-4.02526
-5.36657
-7.20096
8.79174
-5.73035
2.86762
-8.55603
4.8272
-8.10616
-6.54088
-8.83875
-7.68151
2.43736
-9.40863
2.69166
0.165757
-8.59927
2.60479
7.77514
1.08582
-2.67904
8.77793
5.09359
1.04175
-5.7278
2.55936
1.66466
8.82059
-6.97727
-5.57891
-2.97596
-1.93119
9.46034
-6.89006
1.54136
-1.34744
0.157517
4.60892
-3.79136
-0.220922
0.629897
-7.05772
-1.17902
-0.719858
7.21518
-1.25103
0.649189
2.13072
-7.23676
-2.08918
7.30665
-3.77951
7.77531
7.13679
-2.89701
3.47654
5.51553
1.38551
-2.39003
7.57858
6.96984
0.109133
4.53686
-8.62185
4.82244
1.6047
-4.14764
8.65461
-2.38837
-6.35409
-6.50952
7.50698
-6.50205
5.54165
-0.0578976
-2.59593
-7.70892
9.24103
0.797638
-0.757388
-1.32907
-4.43408
3.08313
-1.02254
-1.62672
1.44961
1.60139
2.94775
-8.8581
-9.00066
2.37951
-1.41046
9.07782
-1.62403
6.75651
3.85558
8.03272
2.21842
4.10009
6.47359
-4.6367
-2.60034
5.60956
0.843845
1.22618
-1.30899
-7.91487
-5.34387
-3.85223
-4.1933
4.49121
-8.10886
-7.99374
-5.32352
-6.96094
4.45617
6.99782
-3.1828
4.96299
2.78876
2.65122
-8.15919
-1.5981
1.33574
-3.71574
-3.94799
-5.32564
1.25046
-3.00022
2.3463
8.72508
-5.98116
-4.37377
1.04496
-7.28623
-3.0348
8.39292
8.32135
-8.2737
-2.50525
7.97654
7.89223
-1.03743
5.44046
-5.31945
6.5881
-6.02848
3.02769
0.675641
7.39718
-5.26051
-5.24149
-8.85578
2.88548
-3.88398
-1.65223
5.66971
6.38747
-6.2441
3.58252
0.201148
-7.2561
-7.64834
5.93117
0.151978
-0.239043
-6.10402
0.41696
3.42414
-4.9094
-7.44704
-0.555882
4.45364
2.43231
-9.07256
4.64636
-6.48975
-6.18759
-5.91083
5.90978
-4.46266
-0.182236
4.71903
6.38644
-5.1138
-7.12646
8.87624
-2.52769
0.520621
-4.50991
1.0283
-1.14907
-4.1409
-3.25616
0.342573
4.70606
1.46997
-7.66642
-5.39102
8.69649
-5.4617
1.28349
1.09533
-2.04752
0.0405216
6.22574
-5.76331
-1.9931
9.46494
3.6663
1.31235
4.86911
-6.69218
0.638728
-5.57752
5.39931
-3.09206
3.45104
-4.5614
4.84609
6.54795
-9.07838
-0.821428
0.194069
1.21724
3.40027
-7.73412
-7.55814
3.37422
5.64914
8.28542
0.50371
-4.55829
3.74958
-5.56742
-3.45549
5.05776
6.45603
6.46806
0.315008
-7.80167
3.90734
9.26925
-7.51864
-2.43629
-5.98142
6.96792
-6.24624
-5.60071
2.17455
7.91583
6.79391
2.48413
-7.95487
-6.86969
5.38002
-1.11635
-5.6808
-0.432328
8.37035
7.73204
-1.89145
7.7479
8.98915
2.28532
3.09098
8.396
-5.42699
-6.85314
3.67927
0.861605
-6.68518
1.11026
-3.13751
-5.18113
8.73478
-7.04833
-5.28605
-1.11238
-4.56186
-2.31017
8.16375
6.6293
7.11386
-9.0977
-1.93729
7.88711
-2.17299
-5.17139
5.21265
-8.71268
7.73155
7.45856
3.35859
6.25807
-2.53467
7.4788
3.80062
2.97851
-6.93864
-0.557039
5.61521
-6.46574
7.83496
8.00816
8.67352
-0.70278
9.26489
-8.17356
-7.6219
-7.38862
1.45644
-5.19487
-2.87962
-7.9448
8.75487
0.834914
3.00626
-8.96397
-2.20784
6.11461
-6.15484
8.82026
6.02556
6.0667
-8.47818
2.73906
-4.53265
6.42278
-4.80704
5.23743
5.92757
-0.786369
5.98301
-9.1909
-7.65773
0.0386724
0.877527
-7.40584
3.54623
-8.778
0.44293
-3.85528
4.2119
7.58469
-0.17481
7.60408
-0.904413
-0.527517
-7.03679
7.17622
4.93584
-3.53201
3.27913
2.7576
3.17813
3.11063
-9.33105
-1.74256
-8.17715
4.28571
8.66424
7.4008
8.70749
2.83843
7.15486
-3.02383
7.22955
7.90407
-7.49369
7.33403
-5.35874
9.3055
-0.29999
3.40506
-6.8291
-3.63346
-2.55503
-3.25527
-7.31777
6.69053
0.420452
-4.74373
-4.64419
8.19914
5.20775
2.22426
9.422
-0.124431
7.69863
-6.83541
-8.68386
0.19534
5.20939
-8.21824
2.78934
-3.50547
8.61819
0.964271
-8.35166
-1.36469
7.06256
2.2549
-3.51111
9.07746
8.37258
-8.28471
-2.25041
-5.21181
8.47817
-9.21268
8.20626
-8.92965
6.71069
0.565233
4.46212
1.09605
-8.75836
5.78163
-0.842655
4.86755
6.69425
7.23327
-6.88937
-7.98718
-0.227818
-8.82851
2.78884
-1.33526
-3.15224
6.66644
-2.58758
-5.39325
-8.91869
3.47671
9.13004
-5.16853
4.3839
8.85826
-0.0725384
7.91192
-3.92963
-3.36513
-7.29653
-1.87161
5.74937
-3.31433
2.20945
-2.2972
-3.42164
1.75313
-3.75722
-4.53364
-5.60311
-5.40595
-1.86205
6.94583
4.53022
-9.04267
7.80937
-2.88972
-2.19462
-8.64169
0.753521
2.7916
1.14781
-7.2315
-3.77468
8.47663
1.61314
-8.91052
0.592527
-6.89047
9.1094
9.19285
0.937729
-2.06379
4.88099
-8.64285
6.02161
2.21732
-0.104455
-2.97503
-0.935143
1.44285
8.38921
-1.81035
4.57224
-9.4684
2.21809
-3.27732
5.45186
-3.47274
-0.723748
-0.686025
-8.66101
-2.41831
-2.99793
9.15541
-5.23302
4.37302
8.64424
3.02086
4.62907
4.01816
-9.24028
-7.04459
-3.72097
-0.164145
3.72523
4.80253
-7.33749
-8.59124
1.93215
-0.837028
-4.48504
-8.79021
8.66955
1.458
7.19061
-7.84227
2.37769
-5.97023
-9.48461
-3.40494
-5.75522
-1.19897
-5.16761
-8.78503
2.8518
2.57224
6.52752
9.21767
-6.83328
-4.62723
7.69827
-3.97121
-4.05765
-0.1294
1.06462
7.54205
2.98761
-8.06081
8.64155
0.149214
-7.10813
-4.05625
-7.29104
3.7049
6.30696
3.96989
-1.13419
2.44966
2.88961
8.12329
9.41129
-0.811318
6.9503
-4.82929
9.04402
3.77625
0.172131
4.09823
-5.43306
5.2802
2.74094
8.44908
2.90132
-8.22634
4.41303
1.00784
5.17481
3.2415
-1.59189
7.27328
-4.68087
-7.54273
-8.22331
-1.57709
-8.11653
6.83963
7.77073
-9.42429
8.51024
-3.99192
-7.79044
7.47622
-8.47159
-2.26343
-8.63219
-1.48323
6.38135
6.57301
-1.2885
2.67567
1.86791
-4.62024
-1.87141
-8.1776
-7.24622
6.1569
-0.986629
-3.83299
3.16082
4.22176
-2.29979
5.79069
-0.108818
7.29724
0.610836
-5.34141
-3.04988
8.32795
4.44861
-3.49473
-3.10667
-1.84956
-0.403679
3.16697
-5.37161
7.67242
6.61625
-1.44066
-4.41663
3.03312
2.53479
5.94672
-0.394911
-3.87831
-0.564424
6.55256
6.64433
-8.638
-6.55458
8.76895
-0.105632
-1.31855
-0.701327
7.62388
-5.49322
-7.68497
-8.9786
-8.92971
-9.28625
-2.8751
-8.53589
5.56356
-0.173645
-2.08026
-7.08406
4.38962
-7.92613
1.26402
7.33589
3.70434
9.04656
7.40689
0.69445
-4.33084
-4.85582
-8.50318
-4.7583
7.6333
-5.40504
3.35955
-7.94435
3.29654
3.51147
-8.7658
-6.97976
2.62599
7.11826
2.29621
-8.8602
-0.0793171
8.14814
3.9598
-1.67617
6.33067
7.53933
0.0979443
8.98652
0.395367
8.8618
0.716961
6.32973
8.76748
-6.14945
4.38314
2.62069
-0.244993
3.84076
-7.45689
-1.03777
7.65173
5.93569
-6.19591
1.38187
-0.265068
1.25973
0.437144
-6.09299
-2.71535
5.5341
-3.31228
8.07924
0.655984
-4.81575
6.15612
6.12549
-8.02948
-7.82346
-5.67341
-1.65382
-4.60616
4.71618
-9.34873
-5.6627
-0.366193
2.12352
-2.53224
5.97859
-3.2015
-0.402984
-5.83474
4.54363
-4.66803
-7.44663
-7.50428
-3.4432
4.26556
9.21274
-6.60656
-0.372115
6.55959
8.29646
-0.252347
1.9818
-3.62087
-4.68483
3.35238
-7.25138
-0.589846
-1.95445
-7.54376
-6.82498
-9.08603
0.515529
-7.91458
-2.3625
4.65692
3.93131
6.82839
1.58043
9.10529
-1.13489
2.20625
-2.90175
-7.43708
1.22347
-6.0143
4.01875
-1.18587
-3.547
9.0414
-2.66855
-7.85403
2.21919
4.34061
-5.65694
3.17838
-8.51901
-0.16888
3.14044
-7.15906
-7.2064
-6.80273
8.51594
-6.31039
0.760184
0.530051
5.18091
-3.36744
4.07372
2.72724
-2.47506
-2.47127
-0.0685625
-6.3099
8.41444
-6.60927
2.81576
3.04556
9.464
-2.47356
6.7119
2.74329
2.22887
4.32008
4.06911
9.16434
-3.82892
8.95769
2.16766
6.39222
8.58017
-8.3104
-2.09869
2.61229
1.14766
8.13511
2.66864
0.707969
5.32009
-1.16626
-3.62508
-6.41979
-5.13401
-7.29525
-1.88643
-8.95885
2.68086
2.6811
-6.11564
6.00993
4.61757
8.92298
-5.49099
4.27493
4.31354
8.11348
-3.88443
3.64163
-5.76232
0.105236
-4.37025
-1.99041
-6.63174
-6.39576
-3.07402
3.52323
-4.49198
5.47991
-7.10838
0.670889
0.068634
-6.01543
-4.39323
-4.53454
3.50108
8.4981
-0.59393
3.40463
-8.75545
-3.82044
2.80002
6.52308
1.5474
-7.16376
9.00475
6.61514
2.62662
3.17582
-2.36163
-9.31201
5.59219
-8.6264
6.70032
-6.43557
-0.787364
-7.02167
-5.67363
-3.4054
4.59856
-6.91932
-4.26025
0.35627
1.76206
-1.63971
2.77277
-9.31117
4.56095
6.42471
0.661508
7.7206
5.84892
5.62293
7.12827
-0.86434
0.928016
-8.69684
-5.18094
5.82574
4.72405
3.92903
-3.58396
-5.99234
-3.71934
0.71739
5.35169
-7.69513
-1.44215
-7.76699
2.56892
-0.382076
3.26019
-6.46448
2.02881
-4.3995
-2.45542
6.31158
-0.905911
3.28051
-3.84821
0.125263
-3.54016
2.40315
-6.8944
6.67206
8.84414
-2.83949
9.01818
-9.36075
-4.85285
6.63523
-5.94902
-4.45921
-8.35121
5.7995
-3.59777
-5.86768
-1.63871
-6.22256
4.9656
-4.99875
-3.68874
8.60246
3.82433
2.91714
-9.033
-3.423
-4.25908
8.20038
-6.20023
-6.59202
1.37008
7.19441
-0.192999
8.45347
-3.85622
6.22314
-2.1665
-3.89159
-2.54128
-7.36371
3.38976
0.261703
-3.23172
-0.649413
-9.14491
-0.53012
8.705
-4.52965
2.68808
-0.404977
8.05151
0.529881
-7.56381
6.00925
-6.3523
-2.29139
-3.41147
-2.42092
2.61526
-7.51589
9.09627
0.0084877
-3.96211
0.485721
1.60779
-4.78813
8.70361
3.81922
3.73035
-3.78772
9.22747
1.28746
-1.60221
-8.24488
-2.69928
-6.90181
-4.57166
0.9636
5.80325
-2.90085
2.12723
7.07033
-1.94724
1.97064
-9.28198
9.16117
-4.2385
-0.684832
-8.48533
1.75586
-6.98713
7.71954
-1.34956
5.42579
-9.06618
-1.9394
8.38386
-1.10629
7.89648
-1.46257
-0.442774
-2.49372
-8.85713
-7.16465
3.43733
-2.7296
1.77542
0.426661
6.17544
3.40547
7.45069
-7.85617
5.95613
5.30353
1.32251
-9.16792
5.12292
8.25865
-0.48123
-2.61675
-4.20212
-4.65749
0.871396
0.992681
-0.862394
-0.533319
-6.18222
0.607089
-2.41998
-2.39433
5.10661
-4.8781
-6.60068
-0.255957
8.40113
4.74527
-3.46315
-7.41321
8.87447
-9.23181
6.82368
7.83253
-7.18555
1.61497
-1.83321
1.28631
-8.30658
-4.20616
-1.45512
-3.02062
-2.06139
-2.53739
0.149919
5.04573
-0.970675
-7.70661
6.27311
2.30006
-6.9711
3.75554
-0.999151
-6.25565
-8.3822
-3.84157
-0.0170879
5.41749
-2.77354
6.89805
1.30868
4.62769
-8.94077
-5.92441
1.97179
-7.68159
7.38051
8.51837
5.12532
2.80783
2.09422
-4.17647
5.27461
-2.89423
-4.31216
2.02091
7.17498
-9.39474
-5.69482
9.07633
-7.48802
7.24962
-8.98265
-9.12845
-1.50465
2.79144
5.0429
5.5599
0.567118
-3.84751
8.24426
-0.763373
-8.43831
-6.46964
-0.181219
-7.96724
-4.06518
-7.16362
0.411902
-9.22264
6.6737
3.22613
-8.36515
3.86527
0.0337677
-6.65477
-2.87247
7.56843
-4.45506
6.70022
4.45561
-3.76263
-0.412783
-9.00008
5.55652
-6.06662
-0.609783
7.56868
7.7702
-6.72676
5.88047
6.58683
1.5254
3.66588
-8.45752
-5.35197
3.00115
3.29009
-2.46534
2.95294
1.96363
1.87383
-7.54545
-5.39067
2.78496
4.50105
5.93341
-6.47294
-6.90321
-8.93236
8.63021
5.55491
-1.35226
-0.743943
-4.60583
-8.03478
0.572397
-1.92653
4.45713
-9.45723
0.230234
4.98464
-3.92452
8.82684
-4.17376
4.25221
0.621321
-6.92981
-8.99273
6.31307
2.0511
9.19701
-4.75501
6.21596
-0.767483
-1.46752
-1.66769
-2.04616
8.81517
-8.09792
-4.894
-0.686134
3.43661
4.09387
-8.0992
4.13624
2.6532
-9.16241
4.85644
8.57068
9.34499
2.14832
-8.53812
-0.286469
-8.10862
6.03153
-0.65147
-4.92232
6.27037
2.34714
8.59514
7.04319
0.238279
7.54055
-7.28297
7.26056
-0.208975
-5.54405
-0.803279
3.19688
-3.58391
-4.32962
3.79474
0.707698
0.864311
9.3266
-7.24557
-6.47863
-0.0161638
0.417307
1.8741
-0.957257
-1.02886
-3.06748
-5.21496
-3.11899
4.54364
-5.27835
-3.10845
3.31545
3.61314
-0.0590534
-6.92478
-1.63421
5.73936
-7.03872
-7.5033
-6.98704
-5.43255
-7.5517
1.78287
-8.89503
2.60057
8.15729
0.970702
-0.831674
-4.81639
-7.75592
4.94265
-4.36654
5.09917
9.02399
2.70993
4.63621
-0.228438
-1.26362
2.84826
-3.04957
-9.11273
-8.87537
2.43501
-7.47168
-2.17293
8.54158
-0.0222321
7.36052
-0.0937719
-7.32719
8.42146
4.39353
-0.252556
8.47127
2.69063
-8.1944
1.21651
-5.89178
1.85923
8.51723
4.70501
4.57585
3.57194
-1.54997
-2.90176
3.55376
5.0645
5.62169
5.18908
-8.49018
3.45149
-8.30504
7.55603
8.41284
7.73847
-4.57493
-5.49099
8.87399
5.24176
2.964
6.74281
-7.32135
-5.46779
-9.20185
-2.69025
1.5035
6.14106
7.4917
-4.28851
-9.43686
4.95974
0.557716
-5.39958
-0.314718
2.10741
3.27513
0.609036
0.916197
4.5933
7.22949
0.92533
-3.04874
-1.36748
-3.55634
0.349536
-4.99943
6.19366
-5.57103
0.944228
5.27119
1.32244
7.3061
-8.97853
3.95298
3.80244
-3.01605
1.94469
-4.80334
2.80056
-0.227124
3.04373
-5.94266
-5.62557
5.11633
-4.9773
6.26775
8.58377
-1.25648
5.54018
7.41505
-6.70034
-0.439363
-0.0630436
4.48327
-7.58223
8.05495
4.17637
-2.07838
9.42278
0.558511
-8.52141
0.543283
-8.15201
7.31808
3.64398
1.46474
-3.03513
-3.03899
-3.45534
-3.08712
-2.32275
-1.8034
9.02387
-4.89343
8.05714
7.52124
-4.94721
-3.83232
-1.81871
2.4774
4.60844
6.5943
-1.1828
-4.24729
1.38236
0.564584
8.33408
0.0909195
-8.7136
6.29636
-5.3237
-4.17916
-1.5236
-0.851706
1.96174
-5.76205
-7.35726
6.50902
-6.57939
3.60406
6.66206
-0.412854
-1.67064
4.36514
5.76813
-4.02514
-0.114578
5.59111
8.54409
-8.55333
0.481997
1.28476
5.67528
-2.85017
4.86738
-6.95352
2.69203
8.28242
-6.49282
-4.35291
1.68899
-9.13572
7.64272
-8.80521
-3.30737
-2.93247
-5.19848
-4.22882
-8.1613
2.70525
2.168
7.51881
-3.58135
-6.90204
-6.3123
6.36135
7.62096
7.51723
7.6805
0.492535
-7.81274
-2.50916
-2.75459
-1.40301
-4.65207
1.2154
2.75952
-6.16767
-0.899691
4.22638
-1.14956
-8.24074
0.663086
0.577531
-5.81221
6.44968
-9.27678
-8.99184
-6.35425
0.0852051
-3.04359
-9.23974
2.77674
2.11262
0.175941
8.85046
-2.66927
1.37495
0.669168
0.673048
-2.75864
0.813938
-9.28351
-6.5276
-6.54663
2.10229
0.144732
-1.19378
2.43054
-0.075407
-8.1181
4.54168
8.2886
-2.87911
-8.52064
6.07662
-0.809794
6.97024
-8.64975
0.871445
-0.982757
-9.47306
-6.06235
8.7423
5.56396
-7.36271
-0.163181
6.02226
-0.116332
4.75164
-3.77765
2.85084
3.84854
-6.36477
9.0047
-2.6324
5.52286
-4.15459
-9.14799
3.32274
-4.7881
-3.4784
6.88593
2.00642
2.72989
0.699911
-0.539571
9.10537
-2.39766
-3.19153
4.3675
-7.4143
7.24159
1.63548
1.86848
7.50221
-9.29906
5.52402
6.2667
-2.98573
3.83464
1.51506
-0.429642
2.40298
7.09339
1.86533
-3.3196
8.79204
1.56041
6.47297
9.41493
8.57125
7.92034
-6.80714
-8.19544
-8.5907
0.64395
-6.05995
-1.84764
-7.74162
2.49433
1.33385
-6.76937
7.49061
-9.21359
-6.14634
5.1403
7.26286
3.99242
5.36065
2.38704
-3.61862
-0.948473
7.36053
-7.016
-4.56638
-0.970422
-5.55626
-6.54471
-4.56851
-0.266146
-9.32093
8.90494
-3.93587
0.0732193
4.77826
0.988342
-9.36838
-8.00636
-1.70981
4.7295
7.54341
7.96408
-4.50627
-0.35158
-6.03264
-7.7757
-5.00102
7.13789
-3.26039
1.5268
-3.27022
3.65667
6.48749
3.42665
-3.32647
7.5116
-3.65907
-7.75589
8.87124
-2.93775
-7.77998
-4.2891
7.57498
-7.70879
-4.16753
6.33316
4.34805
5.13945
7.59832
5.93084
-3.97008
0.585585
4.10643
2.29543
0.455231
-0.394422
-9.14488
2.34481
-4.2852
-1.90137
7.66643
4.8686
0.221392
4.61886
-2.42317
-1.57599
-1.07719
-2.38076
-6.30087
7.92099
-7.81543
2.9783
2.70667
-9.25895
0.433416
-6.82102
-1.92344
-3.19295
8.44662
3.8158
7.7615
6.45879
-8.6503
5.61499
-0.983751
8.0468
2.32895
-9.31236
-4.07838
5.40872
7.03834
7.00985
6.38555
-9.23171
9.04795
-7.79839
6.01914
8.27008
-3.40486
6.63953
1.68462
7.60594
2.62122
-0.950809
4.89788
-6.95438
-8.12449
5.72462
4.26335
7.22791
1.58201
5.12537
0.615879
-6.26285
7.3319
-8.05826
9.43534
3.23141
3.1058
2.94245
-0.285708
5.41924
4.23362
0.408582
-3.85244
-5.29144
1.84268
-7.00656
-7.42015
5.26317
9.08455
8.92148
-8.55174
-2.14801
5.74145
2.95383
-1.55251
-1.85937
5.56313
-6.30691
5.58193
7.00168
-2.54917
-3.14317
-2.21292
-2.84371
8.91031
-0.952217
0.965524
-8.5965
7.17171
4.7076
-9.05566
9.29958
7.35695
1.19274
2.22441
3.70687
5.65056
6.58249
5.15446
-3.57499
-5.3701
-8.60935
-1.26963
5.9174
1.29721
-8.16134
3.388
-3.10196
-5.99662
-7.36969
9.13393
1.47875
-0.654633
-5.55631
9.34417
3.1609
5.10699
9.29719
-4.67076
-2.11388
-8.80882
-3.6365
-4.14513
-2.78833
-1.92286
6.21592
-2.38287
1.3453
-3.75416
-8.86559
1.42429
-8.70199
-2.73422
-8.68413
3.79516
6.42603
0.525549
0.766081
-5.84645
8.15857
-6.81461
5.7591
7.83652
-4.77984
-8.58832
5.21233
-2.63408
-0.663047
7.63002
1.18885
-6.70923
6.33694
2.419
4.08503
-0.969737
6.35328
1.8011
-3.20569
3.16072
3.6657
0.915681
0.851163
-6.61525
-7.46277
-7.31261
-4.0228
-3.97292
7.33265
4.03149
-3.84499
4.847
-9.14767
-3.98468
4.89761
1.468
6.07558
6.30901
6.43585
-0.521734
-7.65157
7.52027
-1.18517
-5.992
4.03208
4.79055
-5.38231
6.01378
-3.79138
-1.65378
1.83201
2.67608
-3.05857
0.730783
5.12103
-1.02906
-4.38196
4.76928
2.7556
-1.51895
8.39871
-6.81097
-6.26825
-4.67613
-2.92573
8.32533
-2.82586
4.70391
4.55662
-3.84402
7.75435
-8.68667
-8.59994
-8.675
-8.38491
4.1362
4.20178
0.476418
3.13017
-7.10054
6.72225
-4.73861
-2.5717
4.80644
-6.80861
7.70628
0.188714
4.47257
8.75499
6.60793
-5.83599
2.35126
2.08576
-5.00967
6.93693
-4.50685
-5.06195
6.30333
5.86427
-5.91382
4.84167
7.85679
6.01116
-3.51215
4.81559
-5.67946
-2.30429
4.91665
4.13881
-0.0631437
-8.48356
2.58177
-1.53686
3.83795
-1.23191
3.7901
6.47257
-6.61039
9.36812
5.35371
-5.72583
4.13948
4.5989
-0.797862
-6.10546
-0.509802
0.091814
-4.93076
2.90433
-6.95786
7.42102
-4.38443
1.89594
8.45795
0.461788
-3.4454
-3.6639
5.77722
-3.74318
-9.36121
-6.77925
-7.1805
-7.16474
7.77702
1.79775
-0.579894
-4.15693
0.278331
3.55117
-5.27253
4.70875
4.59581
-2.66707
-8.94443
3.94164
0.931875
7.56733
-5.61429
-7.78203
-4.9827
-3.56083
1.51997
-6.74196
8.48153
2.34457
-3.8624
4.1933
-7.59913
8.54997
-0.862437
-5.94262
3.83657
6.96905
-0.178076
-2.30739
2.84672
-4.44661
-8.98913
2.91398
-2.75606
-7.03653
-3.73392
0.826569
2.17047
3.71778
-7.93841
0.903567
-1.03323
-0.610884
-6.66691
1.82062
8.07029
-3.44851
-0.0594282
3.1348
-6.85896
-9.15354
1.31232
-5.99357
8.10394
-6.8719
8.66028
-6.74109
-7.92748
1.28437
-0.718916
-0.852541
4.71059
-1.61486
-1.48347
-4.5817
-3.17478
-3.25323
-9.17101
1.51144
-4.3368
6.83766
-3.26559
2.7446
4.21253
7.22816
-0.622934
9.05894
6.58991
9.28215
9.23303
-1.72703
-5.7551
6.73301
-1.9651
0.395879
-3.28032
-5.03087
-4.06279
-6.31833
-6.49027
2.84858
-3.1213
0.144135
1.4467
2.26821
-1.17835
2.26945
4.48618
-8.2709
0.76436
-5.58804
-4.11742
5.35586
3.26787
1.96098
-3.69259
1.48228
-1.19069
5.08874
8.92923
4.4875
0.0235262
4.62128
-7.08517
5.55199
1.47817
0.826872
-6.60803
-5.1074
-5.10704
0.12453
-0.224372
-6.78552
6.56479
2.22256
5.55912
-2.73111
2.06523
5.56603
7.5105
-0.948217
0.585233
-7.3335
5.0121
-0.172688
-6.06531
-5.53269
-0.707113
1.68755
8.93595
5.0324
-0.859843
8.6184
-4.00386
5.63933
-2.45116
0.558573
-1.99865
7.7748
0.707304
7.4316
-1.14133
5.41304
8.58877
-6.99644
-3.94297
-1.4741
-1.3656
-8.15215
4.81448
1.21191
-3.13878
2.57866
-2.65885
2.69123
2.06295
2.82623
2.02174
9.07318
5.33985
-1.86477
6.59406
-6.19457
-6.62235
5.92909
-9.01676
6.36004
7.65288
-6.08464
-8.25034
6.89994
-7.18484
-6.90081
8.04988
-2.10445
-3.09029
4.58787
0.320906
-5.12308
3.30727
-5.13396
-5.06184
-8.69573
-5.24028
-8.73629
4.25989
7.63278
-7.76612
-1.4065
3.84525
7.93172
-1.80996
1.04232
-6.96344
-0.18491
7.1562
-2.69602
-6.53746
-1.21781
0.379456
-0.118091
4.12476
-8.00158
-6.80265
8.1444
-2.91903
7.79756
-1.40428
3.78196
-5.24089
-2.02389
8.27818
-5.99031
-6.11166
-0.0370302
-7.16223
-2.64043
3.32117
1.49748
-2.40047
-2.4583
3.84946
4.23696
-2.2303
1.22847
-9.08861
1.0259
1.24737
7.71295
-0.817972
-8.94478
7.51326
-1.00528
8.97172
9.07065
1.96833
-4.02087
-9.44847
-4.79864
-0.50536
-8.71334
1.03383
5.43478
3.74438
-0.702496
2.70597
-6.7856
7.64519
-7.80712
-0.213111
4.18364
-3.06901
-0.485153
-3.48482
8.2451
8.02571
-1.12013
4.13398
3.98826
4.28038
1.72435
7.44467
-6.23655
7.27726
-3.63651
-7.17321
-4.19841
-9.31948
0.350817
5.09667
2.1656
6.0708
-8.38712
-7.665
3.38894
1.40799
-2.15318
8.91783
0.650154
1.7455
0.0510368
2.34708
0.472841
0.225481
1.42029
6.0063
-1.45506
7.84227
0.956406
0.659611
-1.61641
7.9306
-3.09597
-8.43215
-8.18009
-9.25416
-8.03366
-8.38926
7.39126
4.5829
-9.47788
1.01674
4.00777
-0.4044
-2.22198
-3.26502
4.20961
-7.44296
7.0633
5.74378
3.05021
1.72769
-0.0980587
-2.30801
-7.48349
-2.38733
-3.4215
5.50639
-3.71217
4.15329
-1.00698
-0.523459
5.67496
5.54339
-0.251291
-0.871142
-6.74544
0.595346
-6.48436
9.16065
-3.3549
2.74876
-8.08675
-4.5641
2.05939
-5.57056
-4.02102
-1.68355
-6.85431
3.07268
2.45345
4.37079
-8.76767
-3.34545
8.078
5.87628
1.55436
-3.12541
-2.33838
-0.465858
1.37729
-2.13043
-6.44643
-6.09035
-0.353467
1.71503
-6.75342
5.62683
-5.81521
-3.95232
-0.793254
-4.76724
-2.48921
2.70447
-5.30945
8.58181
1.58929
-3.49212
8.14241
3.77938
-2.96672
-1.77298
8.35053
4.16323
-1.84905
7.32048
-7.91884
6.09858
4.5254
-1.51997
-0.622908
8.27884
-0.802775
6.46532
-9.05887
7.19707
-2.72935
0.634514
7.83589
0.0193777
9.08912
-6.65546
-0.10691
0.762226
-1.75382
-6.36554
-3.69591
8.58965
-3.29999
-7.15905
-4.70034
-4.5379
8.19148
1.0478
-0.715167
5.55071
1.30719
2.07249
-0.137707
7.94194
5.41004
-6.88291
1.58656
-0.24881
-4.00395
-0.543478
1.61679
4.75614
5.85886
2.80151
6.67035
6.85336
-3.82188
-0.938493
5.10557
-6.46497
7.73249
-5.81931
2.0078
2.85042
-8.36511
-0.887672
-2.8682
-5.95799
-4.1548
7.70993
5.78461
1.03815
-9.43323
-8.99922
-4.60443
4.0389
8.31841
-6.57851
-1.87759
-4.61648
-9.04415
7.73726
-8.29225
7.84918
0.171089
-0.93692
-2.84912
6.42807
-7.79558
-7.99713
-1.14591
-4.2285
6.12907
2.02012
-9.41945
-6.11402
7.58181
-0.788373
8.92736
-1.03787
-2.09544
4.22992
-2.78617
-3.64769
6.55407
-1.6565
3.26383
3.48059
-8.4425
5.04133
4.28735
1.03721
-2.22069
8.52354
2.78492
3.97439
6.53708
-6.75238
7.25615
-7.87274
0.0722294
-2.81597
-0.331019
7.07321
-5.28891
5.8255
-1.64075
9.19707
-5.96825
3.31088
8.99682
9.19438
2.73735
-7.95387
-7.94982
-6.72632
-6.24786
2.68306
3.40654
-1.06423
-0.115459
-5.3204
-5.8222
-8.9364
-3.2825
-7.69514
-8.55241
-1.47561
6.535
5.17897
-8.8875
-4.74382
-2.65672
-5.77767
3.78537
-0.990246
-4.65365
-3.58526
6.42039
2.00221
3.18974
-7.41075
-1.16779
0.0118885
-4.36975
7.75042
-8.82735
-3.97285
-6.78115
5.5354
7.50709
-4.60685
-1.46704
2.69899
-8.93824
5.61347
6.48202
6.74974
6.55569
2.37727
-3.56168
2.83231
2.60035
5.52207
-0.750534
4.02927
-7.27124
8.31759
2.61698
-5.31895
-0.726675
3.85581
0.389301
-1.47205
-0.472179
-2.03883
-8.55842
0.727852
0.668955
7.75974
1.42649
-6.98211
5.45669
2.27392
2.419
0.485353
6.73528
-0.246716
-7.16182
-8.35876
1.36086
8.63472
2.34641
-3.27195
7.12119
-3.81652
-2.16197
-3.62982
-6.93467
-2.67134
-7.39984
2.09972
-9.03382
-5.49927
-3.88996
4.35687
-1.4374
9.23944
6.9093
6.38625
5.90937
-4.99564
3.84796
-9.1117
7.10746
9.27778
-3.27103
0.400682
-3.08605
1.29547
-4.15754
4.60415
-5.01018
3.74684
8.93974
8.06388
-0.764176
1.9402
5.48051
2.29211
1.50818
0.638742
-4.23096
-7.33828
-8.43689
-0.65528
-1.74372
0.511178
-5.67127
5.36191
-7.76138
-8.65522
3.0682
1.95415
4.42991
1.48623
-3.73402
-8.45014
-3.64249
-3.80642
1.19542
0.036768
6.45298
1.15752
6.7581
-2.52378
-5.12942
1.38786
-0.906855
7.13879
-3.19567
-1.40829
-4.1197
-8.00198
3.25453
-2.05997
-7.35854
-3.84345
2.34229
0.90933
0.710205
-2.79673
8.92998
-8.06688
1.54618
-3.79677
0.279455
-5.67868
1.99739
-2.01607
0.238151
3.73329
1.45455
1.68083
-6.97182
7.74554
7.47522
-0.018713
5.76316
-1.8542
-8.33464
4.04991
3.75936
5.4788
0.632584
7.60321
-6.54882
8.77153
1.22251
4.0161
-6.24213
-2.847
0.899658
5.26663
-5.11746
-1.00097
-1.1232
7.30368
-1.48485
-2.18167
-1.193
-6.96033
4.47929
-2.60983
-6.38909
4.66985
2.89759
-8.89207
-5.261
-7.1573
3.30655
-1.44601
4.60012
-3.46105
3.79393
2.02603
4.85909
6.8769
-2.14341
6.45261
-4.66092
0.813154
5.03481
-9.17102
-4.77519
2.75021
-8.27479
-8.38034
5.76214
8.72802
7.20666
0.351816
8.9367
4.02777
-2.00396
-7.51984
8.01248
8.17634
-2.85008
-3.79062
-5.32363
-0.56139
-9.48171
-8.76283
-9.0772
-8.37012
-6.49293
8.07904
6.90169
-5.11572
3.75562
-3.53824
-2.10041
2.92118
6.09354
-7.46106
2.68579
5.77454
4.73636
4.88226
6.81645
8.89048
7.06975
-1.3677
-3.16462
-6.08273
-7.64709
-7.82122
-7.60865
-2.4093
-1.46057
5.81561
3.59139
5.5409
0.871754
-8.85685
-4.84092
-6.19161
9.14738
2.42654
-6.0591
3.88078
-4.96804
-8.78036
4.75701
-7.24769
0.984296
-7.83724
-5.32855
6.94835
-9.27729
-4.15178
-5.66374
2.16767
-3.45171
9.37367
6.70118
7.02829
-8.66032
6.12429
8.84917
7.22808
-3.38967
7.90495
-7.88483
-4.27516
6.84172
-3.34317
2.70218
-9.37898
-1.4016
-9.13844
7.4299
-7.73794
-2.91407
4.34994
6.90874
-7.73519
3.41883
7.0549
4.59216
7.94954
5.05285
-2.35073
-8.37584
7.1584
-4.08041
-9.08768
6.90369
-6.46607
2.31227
5.25637
6.92173
-8.83329
5.09099
-7.05223
-6.27738
7.89889
8.86733
5.56934
3.07724
-1.86358
8.15268
-8.01218
6.29372
-7.87072
-1.12283
4.14033
-0.303094
7.31278
4.42329
0.857597
-6.50732
-2.11208
4.51185
4.792
4.95473
-2.31163
4.63129
1.24264
2.48972
-4.0813
-8.06291
-1.36897
-6.50797
4.50628
6.39341
-5.92544
7.06098
-4.75351
-8.76532
7.14377
2.90516
6.18954
-1.49378
2.02492
4.17889
7.65639
0.322392
-3.62731
5.49805
-7.17236
1.74161
2.49514
-1.68324
5.96825
8.02533
-3.38321
-7.50644
-9.04354
2.60373
9.48236
-2.24521
-1.37886
4.83192
0.471056
-2.03752
2.38465
0.0965481
-8.07667
-3.122
4.65342
-2.81816
-3.956
-7.28832
1.3814
-0.756689
5.6711
7.06617
3.73263
-5.90879
0.152226
-2.79522
-7.69036
-9.38432
-6.54566
2.57294
-2.41693
5.02469
-9.22033
-9.23878
-3.59138
4.09821
3.33008
-4.2867
-9.3848
-6.00773
-7.15701
-9.16516
-6.73503
1.25617
3.78752
-7.36641
-0.866007
5.21829
3.43624
1.70533
-6.29337
8.69884
2.0981
9.22445
0.0814714
8.39744
-0.481368
6.38312
-6.47853
-1.37848
-3.52146
-3.87881
4.66836
-4.49226
-7.03361
5.63906
-7.75152
6.09295
3.65193
-4.00804
8.53412
6.65786
-6.3783
-9.16364
-9.31973
-5.54784
-9.28701
-7.22867
1.91283
-6.51405
-4.50785
-8.44775
3.4629
-7.9128
2.9626
0.848234
2.46858
-9.45293
-0.156277
-1.61386
8.25895
-4.06194
9.43655
-4.949
-1.45098
2.66932
-5.75155
-0.873249
-7.16431
-2.51892
1.39454
-1.35689
-0.744519
-7.68642
-0.956458
-1.2009
0.744312
-5.59438
3.16435
-7.60143
4.96656
-9.40981
-6.14193
-5.93171
8.73015
-9.17689
-5.24732
-2.04695
-3.52538
-2.36121
1.9782
-6.49064
4.17842
-0.661553
-7.49262
-6.776
-1.60169
-3.47655
-5.98403
-0.0627651
-2.80277
4.88688
4.17481
3.21912
-6.75112
4.35788
-6.02547
6.89233
4.28059
7.75725
1.73988
4.39951
-4.6333
-2.75085
-7.77297
6.69428
-0.717601
-6.02102
-1.44675
-0.100936
-8.92788
-3.77452
-8.47136
-4.91647
-1.98254
-5.31147
-3.22095
-2.64159
2.25189
8.56297
8.56526
-6.28373
-7.66437
5.08798
-6.76814
8.76045
6.84158
-2.57731
1.72237
-4.73444
-0.0156755
1.3369
-2.3206
-1.31988
-5.60607
4.70441
-4.37417
1.60286
7.79998
-5.70795
-2.75011
3.01178
-5.77904
8.71208
-1.76857
-9.3222
-6.84288
4.59958
-8.03536
5.66125
-3.65596
-1.6957
-7.90117
-3.99993
-9.25417
8.10562
2.22221
2.03495
1.38644
0.542883
-5.67498
-0.055769
3.46825
7.46088
-5.64719
-8.04205
6.7109
-7.60984
1.15757
-4.15917
-4.83205
3.98412
-8.7167
-2.08919
0.731138
6.27737
6.10357
-4.44498
-8.21201
-7.1568
5.30245
7.95473
-7.79129
7.45232
0.0578413
2.93373
5.96344
6.94946
8.69958
0.893963
-3.03493
5.25952
2.38484
8.07434
-4.7742
8.35097
-6.37185
-3.01172
3.21353
5.87704
-8.49975
-3.00821
8.53505
1.67653
-7.19415
6.56858
-3.3529
-8.20227
-7.67737
-8.69623
1.26275
3.75151
1.56415
0.623536
-8.53098
1.51411
-0.566919
-8.16778
-8.00321
-4.48174
7.9182
3.64196
-0.448263
6.35076
-1.51909
2.93179
-9.02069
6.71977
4.40487
-6.17233
3.36047
-7.84566
-5.99885
4.9886
7.66576
2.58883
1.73511
0.520745
9.32046
7.85334
0.32724
6.06671
6.09617
-6.7227
-5.18609
3.35452
-3.54183
6.07359
-4.90776
-2.0134
-1.97529
9.06552
-7.32507
-6.61459
-0.82292
9.01346
9.3465
4.7299
-1.77706
-1.64112
-0.0794325
-6.50845
3.86406
3.80285
-5.80323
-3.30823
-0.827259
-7.63113
2.01027
4.63149
-6.07663
3.98056
-1.0948
3.72376
-4.99479
2.08113
-0.361511
7.08054
-2.20416
-4.73109
-5.4604
-6.14568
-3.0002
4.07899
-2.39447
0.366841
8.07186
-6.32479
-6.2642
-5.75887
-8.9567
7.23776
-7.73256
4.12313
5.59562
-5.44909
-5.14402
4.62842
-2.35456
3.76285
4.55782
2.69436
4.83703
-2.96537
3.25776
-3.43788
8.5907
-4.41151
4.32154
8.54462
4.74448
8.11249
5.40699
-5.20154
1.47524
-3.3921
7.6499
-8.8949
7.32526
-1.04309
-0.111933
-5.42738
-8.26608
-4.38404
8.56089
5.23298
7.33363
-2.10658
9.1034
-8.08953
2.04816
4.74824
-0.0367012
4.38258
0.216204
1.17593
5.58083
-1.32352
-4.64263
2.26472
7.25493
2.85002
-3.06304
-4.13954
4.59624
7.53854
-6.88769
2.31831
-2.14098
0.0367851
5.82642
-5.36336
-0.605409
-1.58765
2.68501
-8.18255
-7.97439
-4.54127
0.647774
-2.85706
-6.85928
5.94106
-5.45651
8.66443
-2.76007
-4.98448
8.99374
-8.12941
6.06942
3.07338
-7.32776
2.55435
-5.93844
9.45015
-3.71809
-7.10435
6.84835
-5.11834
-7.36321
5.97212
8.03694
-8.2467
5.39775
-5.56322
8.17949
-0.645945
2.60915
-1.01731
4.02842
1.38003
-0.267039
3.11239
3.26612
8.16071
-4.37409
0.225887
3.22833
1.00309
7.09082
5.17527
0.0343037
-1.64672
-5.54488
-2.55017
-7.30797
0.110831
4.35005
-2.96039
8.97241
6.85442
-8.60203
1.97753
2.70395
2.2914
2.16321
6.23964
5.25109
-8.7855
5.54136
1.14011
-7.90836
-1.12459
3.10633
4.33157
2.44615
7.04105
0.355831
-2.59569
-8.23498
-4.92879
1.64386
7.01361
-3.73524
-1.72588
-1.7635
-7.012
1.3412
8.29761
8.12724
1.30068
-3.17035
3.4464
-3.22041
1.57419
-8.83432
2.46337
-3.99797
7.28454
3.86829
5.6566
-1.91089
2.29044
5.38004
5.04017
9.41039
1.17428
-2.24456
4.83471
8.43941
-3.61416
7.78438
7.57733
-0.0948601
-9.41004
-1.69808
2.55954
5.0658
2.74061
-8.55313
6.44682
8.39105
7.24183
8.7373
5.28634
-6.02766
-5.10939
-1.86037
2.99529
7.40866
-8.11045
-9.14338
-7.41958
-3.21883
4.92464
-6.7705
8.39798
-2.15228
-2.91008
-2.70574
6.20477
2.61192
-3.01938
3.07399
-3.09558
-7.04289
-6.57586
-6.58475
-5.43524
5.37753
0.506357
-0.238951
1.80815
-8.51187
-2.08677
1.28728
-7.96269
-3.86763
-4.394
-4.40605
-8.16925
-3.02709
4.08858
5.4602
-1.27195
-3.55239
-5.38676
7.58848
3.05963
5.5238
6.76951
-8.50199
-4.92103
3.91811
-9.33284
-1.93688
-2.2472
3.90719
-9.19494
4.05073
-8.13036
-6.53868
5.08537
8.53472
7.49381
7.42025
4.11104
-3.3778
3.18419
-2.45878
-0.212727
3.24934
7.75606
-9.24693
-0.208237
-4.18622
3.46778
1.11952
-4.20395
9.16231
-5.04152
-7.71832
9.08177
-2.90132
6.19324
-8.00373
0.244245
-6.47942
-7.59787
-3.43859
9.07746
-6.14471
-8.34971
-8.90162
-5.37093
6.84325
-1.34294
-8.07826
-1.80902
0.395636
-5.90451
-4.56715
-1.35982
1.88973
-2.42321
-6.48757
8.85898
6.67342
-5.1285
3.07559
7.63978
7.48839
6.01801
-1.47609
2.17577
-0.714154
2.36568
5.03269
-0.830449
-6.84407
5.54591
3.25257
-0.257811
0.354151
6.02927
3.21273
5.72657
-8.94684
0.681606
-8.58544
-0.717832
3.72272
0.872242
4.53891
-1.26477
-7.94439
8.70632
5.66786
9.17977
6.90301
-1.8094
-8.37676
6.88005
-7.52731
2.2723
2.09424
-5.96449
-1.31016
6.99466
-1.34076
9.41288
0.848068
6.42603
-3.22214
-7.57967
-4.04138
-5.78778
6.34842
-8.86673
-3.54797
0.175179
9.0057
-8.48725
2.78512
-4.87939
7.55767
-1.19008
8.43357
8.56499
-8.63946
-5.10252
-2.63773
2.25766
-0.133396
-8.29633
4.25247
-1.59509
7.27611
-1.51805
8.059
-6.76048
-7.47218
-5.9347
-7.473
-4.38358
0.998598
-1.32963
-8.52576
-8.03405
8.57875
-6.11272
7.99061
-4.1823
0.10049
-4.35737
-8.45008
5.0131
-0.736739
1.04106
-5.03542
-2.14163
-4.70408
2.17192
2.51051
-3.51622
-6.4181
-1.31002
1.80149
8.38439
-6.81841
-4.45047
5.7348
-0.242492
8.63024
4.33432
-3.05153
1.18803
7.25692
5.85678
-7.85381
-5.71046
9.05445
1.72887
3.53514
7.37315
3.10516
4.02754
-0.46067
-8.59908
-7.93033
0.379891
-2.19162
0.929508
-1.52437
-1.78808
4.96299
-1.14381
-5.29479
-8.39767
-8.45896
-4.99897
-6.45255
9.35364
-7.34221
6.96043
-0.896036
7.98516
4.97713
-9.42249
-8.00963
6.21792
6.0558
-6.35478
-2.53456
-7.16063
-5.42493
2.35469
6.58926
-5.31672
-9.10999
0.699587
-3.36023
9.31989
-4.4165
-9.38809
6.88334
4.47627
-2.4369
7.9338
4.93027
-1.92726
-5.94186
2.39531
-5.17012
-3.96518
-2.33478
-7.77632
-1.62317
8.82972
1.38502
-2.88042
-3.68938
-6.15813
-7.0219
5.9111
-9.12264
-8.20603
-2.65851
-0.143001
3.93014
-1.74457
-0.155955
5.26083
-2.31343
-6.31846
-1.6096
-6.49167
-1.96511
-5.85312
3.52267
2.25239
0.731469
4.60059
0.133036
3.22939
8.19795
-7.41923
2.68062
-0.141848
-9.03029
-7.32462
-8.16098
0.140823
1.5147
3.6853
-8.53924
1.73571
1.14191
1.57088
3.45531
-3.99374
1.64833
9.10023
5.09075
-9.48209
-3.14857
-8.82295
9.39135
-7.21813
2.19017
-4.43382
-5.24694
-4.75527
-7.73302
-9.37423
-3.41557
1.75837
2.98533
-7.43828
-5.86345
-3.72709
5.35887
6.63147
6.57031
4.6079
-7.52743
9.43838
5.25593
-5.46709
7.42764
-7.48627
-0.649894
-6.42485
-3.46997
3.02529
-3.07137
8.47841
-4.36458
3.99848
-1.33171
-3.22085
-4.86389
-5.68147
3.39281
-6.8511
-4.41954
3.29904
4.43574
-8.28204
7.1178
2.26384
6.3851
6.5472
-7.02695
8.41667
3.959
2.42395
6.40384
-9.21076
-7.7031
-7.44378
3.91734
-5.80632
3.15741
7.38288
6.90769
-6.6795
-5.84844
8.67037
6.04576
-1.43634
7.35657
6.56046
8.21039
2.23409
5.59
-4.84089
-8.90485
-6.26224
2.93757
1.45773
3.35181
-9.12131
-2.78487
9.40233
0.429958
-6.73654
4.90471
-4.15223
-7.75954
3.29022
-8.77856
-4.28391
4.24653
6.51211
-5.72676
-8.09474
9.2615
4.59428
6.15777
5.42273
2.01466
-9.10492
7.46623
9.30019
0.53511
-4.16662
-7.16177
-2.73599
4.93484
2.08109
6.68919
-4.0395
0.0064106
6.30771
-8.46049
5.75657
-3.8152
-4.42988
-6.02076
-3.99338
2.35643
-0.107469
2.00252
-1.3062
-6.22253
-6.29768
6.66646
1.85625
9.13787
-8.70346
5.83034
-1.88276
2.96632
7.50569
-8.0909
-2.1822
-2.07639
-3.24232
-9.43801
-6.96504
2.67559
-4.47488
2.00534
-8.54654
2.21906
0.123728
-4.07021
-8.96916
-3.75041
2.53994
8.32367
1.07589
5.27632
0.726148
-3.84016
-8.07596
7.60671
8.28776
-9.37577
-5.36503
2.40053
-1.20471
-4.54728
-8.78012
-8.14353
8.14033
-8.0187
6.7958
-4.88226
-3.69369
-7.90266
-6.91291
1.08462
0.300606
6.91651
8.29944
3.74598
3.08827
6.15742
-5.31324
-6.7893
1.67306
2.52896
4.11108
3.66501
9.32736
-1.05218
-1.76522
7.04119
5.00174
-6.71231
5.49654
6.06126
6.78791
-6.34562
-4.82809
1.27917
6.3821
0.615362
9.42418
-0.969997
2.53817
-2.0986
-7.58393
-5.08001
1.65086
-0.998663
-5.06604
-8.05231
-3.6039
6.84343
8.197
4.75423
-6.86179
-4.44124
1.25804
-4.34896
-5.07824
-8.61127
-2.6919
-0.0447044
-7.46418
-7.26818
-5.53396
-7.99745
5.22917
0.934721
2.63902
5.8754
6.48377
5.40742
-4.93712
-4.81826
2.77429
0.924207
-2.95997
7.86721
-7.21605
0.319565
-7.74672
8.83333
3.32841
-9.12813
4.56992
-5.15711
4.8887
2.9273
-3.66541
3.4348
0.664264
-2.86834
-3.75121
-8.2624
5.76372
-7.23668
-7.27207
-1.1622
4.48302
-8.74114
-6.84063
6.94308
5.69178
-9.33511
1.14492
-7.93728
3.40475
-7.52093
-2.20881
-6.23447
-8.66588
4.11892
6.01103
5.14304
8.391
7.21848
-8.04349
6.10915
0.606856
3.95055
-4.46935
6.1795
-1.89612
-6.09903
8.1239
-5.52728
-8.94777
-1.71861
4.06791
2.8593
-6.54241
4.94355
-7.17689
-2.07636
-0.218373
0.241476
-2.10308
8.91768
-9.3918
6.16517
4.24039
-0.619792
4.68447
0.538287
-1.87712
4.35361
-7.01588
4.18948
-3.06473
7.6537
8.42028
-2.79817
6.54128
2.5628
7.15302
5.83243
-4.60887
9.38126
6.58044
0.911602
4.25848
4.74102
-9.22007
6.02595
-1.0339
8.22869
-6.71698
8.21384
-3.01636
7.78883
-2.79565
-0.813206
6.69396
2.90412
-5.95568
-8.04289
-1.64364
1.18007
-8.06275
-4.3481
-3.26108
9.23424
5.45162
-2.29229
3.0242
4.19181
7.67607
-5.42324
4.25853
-9.49427
-0.729092
-3.0028
1.83196
1.37409
-4.49961
-8.6471
-0.33846
6.76707
-2.97428
-0.248431
3.3946
1.03931
-1.72709
-5.49477
-2.08727
-5.01571
-0.482789
-0.218087
3.38438
-2.74309
1.72194
-1.84092
-1.50125
8.79759
-8.14597
-6.07227
0.163544
8.19117
-9.02072
-1.55509
-8.98617
3.74012
-0.212415
-4.45136
4.65685
-3.78211
6.82953
-4.87354
2.28762
-7.29652
6.11624
-2.96502
8.83185
-9.05145
-8.74515
-7.17734
-7.12507
8.51701
5.78221
-8.77087
6.37707
-6.61307
-1.39684
-7.19366
2.72162
0.999182
5.06747
1.36459
-8.6588
8.74142
-2.38558
6.7741
0.0399323
9.30529
4.55642
-0.672286
-6.46295
8.80506
6.85961
2.24584
-6.91985
3.71084
-2.93581
-4.68842
4.06862
-9.18996
4.64199
8.97328
7.41998
-7.86541
-2.24827
9.36894
-8.30627
-4.72338
-2.14316
-2.98058
-2.27955
-3.96598
-2.0552
1.56084
-3.88303
-0.571597
1.4228
5.58909
-2.06219
8.34559
4.1335
-4.96389
5.96303
4.81842
0.811914
0.174349
-7.73592
-4.32521
3.42792
1.918
9.18213
8.40812
9.19371
-0.270744
5.97747
-8.83849
8.31945
3.90654
-3.77717
-0.422608
-0.324384
8.13236
0.453604
6.41101
-6.17949
-5.59304
-8.83495
-9.44648
7.99898
8.15611
8.83957
4.72934
-9.2124
-0.134539
7.34934
4.89149
-2.95801
4.5695
4.98083
8.27213
-8.59576
3.52401
6.57971
-6.32721
-2.15859
-3.20154
-8.54107
-6.47708
7.95105
0.865465
-7.41351
1.10204
-3.15103
5.546
-4.52934
-5.44171
8.908
0.517656
5.87382
-4.90684
-9.07018
0.258343
7.87647
-4.67499
-1.6331
4.49889
-4.92506
-1.89062
1.6838
7.04502
-9.39438
6.14913
-7.90559
-4.97414
-8.71258
3.73965
0.40842
7.4124
9.07544
4.41126
0.840196
-0.703856
3.05959
0.959429
2.11206
4.41604
-6.90641
-2.75077
-4.40283
-0.764561
5.12644
-9.18781
-0.864809
-8.6133
3.41176
5.00273
-6.32729
-1.84682
-6.13677
7.40316
3.98273
3.99876
-1.76366
3.46082
-0.117955
7.56466
5.54309
-7.43631
1.17825
1.66276
-4.37126
-2.22877
-4.90357
7.98108
-7.01408
4.51043
5.21404
4.58504
-7.75574
-5.88667
1.10106
-3.2578
-5.75657
7.13026
8.22089
9.36414
-6.21759
5.7864
-1.11067
5.88368
-4.25267
-6.90249
8.36535
-3.94254
-0.16775
8.39696
6.8478
-6.78738
-6.45588
-3.04376
7.46291
-0.379045
8.22749
-4.10474
6.32965
9.00755
-5.12978
2.5579
-0.226892
-1.59366
0.49693
3.32861
3.71547
1.02349
-0.363982
5.60302
-3.85787
4.62525
5.15551
6.298
3.34202
-6.99714
-5.5646
5.30561
-4.23831
-5.20779
-2.73712
9.37514
2.29022
-1.69847
-8.96039
-8.81679
7.73507
9.21913
-3.23663
-2.94635
-3.9947
-7.16752
3.96251
-2.88654
-2.31552
7.26239
3.42709
7.45826
1.47885
-4.36682
-4.32039
-1.52948
6.25883
5.33927
3.36899
8.222
-7.34452
-5.20436
0.93923
-5.85473
7.75423
9.30098
5.49587
-8.10487
-1.6976
-3.92578
-4.40047
-2.12629
-6.40866
-7.71664
7.44416
3.99785
4.70778
4.71993
3.13871
6.42541
1.25767
-9.33946
-2.07098
2.3868
3.52417
8.92513
-7.35942
-4.10198
-5.16704
1.30415
-1.1354
1.85995
-0.684639
1.01176
-8.51657
1.24761
-8.6151
6.40548
-8.48147
9.1308
-8.38048
-1.47901
8.49983
-5.57586
-5.63728
2.36581
-7.72065
-1.25683
8.92554
6.68968
-4.76579
-8.08589
8.38461
-9.31425
-8.72809
-2.46461
-0.424275
-4.75174
-5.09545
-6.3773
-9.18127
-6.12568
2.7214
5.58299
0.748217
2.37525
3.87075
1.25052
2.92155
7.52977
2.41646
0.530802
-6.18858
-4.80766
-0.916924
-0.0176382
-6.48052
-7.93407
7.33928
3.07008
-5.75189
-8.44684
-1.6194
-1.97894
4.93164
-7.81489
-4.98719
3.72545
3.43066
6.21622
5.76592
8.83817
0.645995
3.17058
8.84908
0.392736
-0.801547
3.14004
8.72902
1.47819
9.18942
-3.08933
-3.30385
-6.24566
-7.35194
-0.678834
3.32718
4.86127
-8.77849
9.47324
-6.3322
4.55005
3.51261
-6.68906
-7.48076
-4.38309
0.562936
2.12775
2.82962
-5.8116
6.26204
-7.88206
-5.98665
-8.09991
-7.76679
5.65481
3.9866
-1.70218
6.2331
-8.16963
-2.03228
-2.84154
-7.86115
-1.58542
-9.21016
-8.764
7.66277
-5.93674
-0.629778
-6.47756
-4.45092
8.50787
1.56848
-6.49952
-3.42894
8.71502
-8.88994
2.57565
-4.88933
-8.04745
6.05543
8.16854
6.85415
6.21089
-0.532056
7.23812
-8.80565
0.949664
-0.792263
9.33225
-8.41565
5.14888
0.78959
-6.84777
1.32299
2.54049
3.20916
-7.22332
-6.52987
-9.2466
2.42989
-8.04472
-6.23722
-6.57899
-4.26955
-1.11596
-0.225792
7.12552
-1.87858
0.58874
3.56284
-0.586719
-3.52501
6.35431
7.5479
3.66542
-1.18923
1.61541
6.90823
7.92069
3.60632
9.15873
8.84101
-5.52227
3.20135
-2.37567
8.86436
-6.8963
-0.0789738
5.52788
6.56572
7.44671
-5.18601
7.95005
-5.90146
-5.63909
-7.32453
-8.91462
-1.52109
-9.37042
3.14085
-5.1667
-7.66886
-0.445518
-5.72664
7.03963
6.0907
8.09415
-6.02875
-4.50848
6.78037
-3.13175
-4.38495
-6.92904
0.80954
-9.34908
4.7325
-2.85231
1.27481
-3.98854
8.52849
9.0212
9.06257
0.141117
2.35137
-4.06009
-3.79548
3.52835
-7.38737
7.37808
9.10355
-7.18921
-7.06622
1.49308
-8.83207
-0.545339
-6.28356
-5.72257
0.795475
-0.386274
-1.5969
-4.25375
2.83231
6.11072
2.55078
-7.67903
-8.53449
7.92942
9.46335
0.46312
8.79378
7.39388
-8.87013
6.36778
8.30011
-1.33927
-8.20025
-1.36535
-7.23414
-5.15755
0.67821
2.41817
4.38374
-2.29502
-9.20046
-8.88793
-0.991015
4.16729
1.35827
-5.13195
7.235
-2.20992
5.3175
4.60334
-5.90436
8.86347
-1.19291
-7.78251
-6.80716
-8.88185
9.21281
-2.29087
9.4889
6.44868
-1.86827
5.94468
7.7619
-0.405837
4.67357
-0.867385
-1.56682
-8.70326
5.17453
-2.96454
9.04069
-7.72112
-7.30391
-7.75098
0.91095
8.30841
1.02698
-8.96191
-7.31237
-0.921222
9.19232
-5.95854
-5.02136
5.50866
-8.55363
0.769149
-6.71277
-6.60109
4.50948
-7.12898
-3.8424
4.6654
2.74834
9.30215
7.92284
6.10908
-1.69987
1.21903
-8.30209
2.08745
-0.165599
9.18332
7.19367
-0.119657
-4.03655
1.27433
-5.60269
3.56859
-5.06635
-2.01974
-5.07708
8.59817
5.34967
-4.71878
-7.07653
-8.90542
7.46832
-2.98713
8.06654
2.52639
-7.69013
-3.83669
7.5864
-1.71376
0.423956
8.65127
-2.8195
3.21074
-7.68173
6.92626
6.25134
4.38777
5.92746
1.38432
6.45786
0.00569439
-0.758777
6.76473
0.101415
-5.58812
2.96231
4.32026
-5.9459
-7.69275
-5.5745
2.27825
4.34696
-2.42671
7.52534
3.42599
-4.82892
-5.70598
7.37941
-5.97482
6.51477
4.98396
-4.66727
7.38062
-0.525524
0.111188
3.32144
-9.15811
5.26297
8.4737
-4.86621
8.87968
8.91727
8.13372
-3.39919
-8.71212
-7.21563
-8.0624
1.30717
7.87533
-1.02292
-3.90409
2.44467
-6.80676
-4.69497
6.3966
-4.68827
1.53537
-2.82855
6.43235
-8.74824
-5.26882
-2.66618
-7.49242
6.82
3.19567
3.78319
-0.146288
3.34798
8.64338
-4.40243
-4.97914
-1.81589
-6.53543
4.6924
9.11364
9.13351
-5.41557
1.65661
3.12576
-5.67967
0.492611
-6.11462
-0.667208
3.58517
-3.51613
5.16224
0.0235405
-6.24393
-4.20121
-7.61548
-0.68283
-3.4266
-1.62663
-3.39189
-3.13225
3.02225
1.13091
4.1741
5.38463
7.36733
8.03608
-7.98959
-2.61046
2.30136
4.37099
-1.54339
4.44608
1.47259
1.5249
-1.65025
-5.99903
4.18129
-1.78712
-7.62729
-1.29338
-9.17061
-7.95538
1.51657
-6.01817
2.47339
-3.13334
-2.2372
-8.4752
-7.1659
-8.05649
0.574753
-4.98987
-4.30929
-5.63215
-2.20836
-4.88563
-0.0410748
6.83995
-8.49504
-2.63694
3.26023
-9.10217
2.56897
2.29718
-7.76187
8.37903
-8.34043
4.63111
8.46708
9.1416
1.04377
0.740427
0.576023
-1.29448
-3.77626
2.1688
-7.01122
-0.455805
-4.44624
-5.28668
-0.372775
-1.99747
2.40031
-3.31892
0.0510511
-9.35756
-4.39142
3.03687
-0.842461
6.27985
-3.61782
-3.93589
-7.43185
7.76775
-1.4161
2.0547
-1.14604
-3.47316
2.79618
-3.12461
7.36937
-5.34293
-3.20193
-0.333151
5.14095
-7.65344
1.97539
-2.59
3.03663
2.22421
4.20503
-4.85143
-7.66756
-4.17496
-1.74669
-1.43276
-4.8156
6.02892
-2.96107
5.0604
-8.25521
-6.61506
-7.67832
-6.53667
-3.21115
6.76571
7.66838
7.27361
4.22678
6.19384
1.1496
6.01833
3.36072
2.87429
-4.76286
-4.17192
-1.66073
9.41702
-6.49193
-2.50985
-2.80026
-0.444089
-6.64598
-1.63847
2.35644
-4.0664
0.684566
9.4504
-2.28456
8.17794
3.30961
-8.30672
8.31982
8.93249
-0.840945
0.0658312
1.00035
-4.45551
1.00064
-6.08276
-8.59302
-2.23141
-0.854842
5.6504
1.90652
0.404111
7.94276
7.29874
-5.52466
-6.99252
-4.82724
-2.03898
3.3697
-1.38182
0.337114
-2.86222
-7.88329
-4.6753
3.14353
1.59546
-7.55265
5.64504
7.26536
9.40157
4.28067
5.29157
6.54559
-5.06268
3.93492
-5.01159
-1.64196
3.81874
-2.45567
-4.95078
7.35521
0.381793
3.63803
-6.95667
-2.08
7.61392
0.250156
-0.148945
6.81525
3.67845
-3.13652
-3.19821
-1.02003
6.7231
-3.96527
-3.48403
-7.53342
1.35154
-5.45508
-0.855791
-2.93891
4.6656
-5.893
9.30503
-2.77097
6.4523
-8.60997
4.65136
-8.04344
-5.92397
-4.62971
8.45664
-0.177572
-7.61987
4.35898
4.19477
-8.43762
0.501474
6.08721
-2.96409
1.76134
7.97178
-3.46093
-1.59913
-1.22345
-3.39762
-6.31364
4.83404
3.30833
-6.88779
-6.78437
-4.19513
-4.45801
1.44761
4.4316
-8.99616
-0.378357
2.33172
3.96742
-2.10476
4.50375
-0.0228491
0.922431
-5.7434
4.00421
1.73386
2.0434
0.936937
9.43082
0.163292
-4.40651
-3.73419
8.71003
1.93557
9.33012
4.32843
2.02398
0.20975
-0.518374
-6.3506
-8.5662
8.75423
3.27819
4.75528
2.04747
5.56391
6.91081
-4.00392
-2.66971
0.0748024
-3.18395
-3.09041
8.37937
-8.76023
7.6067
7.72156
5.0443
4.54598
4.44123
0.148361
-5.09327
-7.63152
3.21175
8.05847
-0.217944
-7.79923
0.232059
3.62391
-4.49843
0.640184
7.53724
9.4692
9.36149
-7.61888
-9.39137
-7.14744
8.24176
-2.6671
3.5856
1.99556
3.52465
-6.69332
2.36814
-1.54664
1.91652
1.37006
8.57214
-4.59909
-5.46572
3.48275
1.52491
2.60788
-6.82198
-5.75081
-0.438854
-0.630101
-8.46945
-6.8834
-8.51517
6.90701
7.56055
-5.21292
9.00863
7.08595
6.19753
0.929745
-7.70679
-3.41975
-0.268888
-9.3552
-1.39672
-1.18083
-7.30872
-5.96748
-6.49428
7.57746
-0.783398
7.19897
2.55252
1.76813
-5.14638
6.47248
-3.7645
2.61806
3.88218
5.25887
-6.72243
2.6193
6.01381
0.144962
-9.41419
0.0869503
5.03319
2.06969
1.38951
-0.500805
-5.92985
0.914738
1.70131
-0.0489235
-2.71762
1.03823
6.5535
-3.42843
7.06488
-9.04718
-5.05784
-0.2087
-7.21268
3.93516
-0.957188
-1.97879
-3.31729
7.87325
1.93853
-5.22702
-3.58679
-7.3631
8.50194
0.629922
-8.39797
4.64956
2.39642
0.602397
-7.6067
1.73453
-2.60628
-3.20305
-3.32148
-2.17571
-7.08552
6.56982
4.05091
-5.13949
-2.37904
5.98967
3.31
9.19392
-4.17289
-5.22069
-9.46377
2.55307
-6.85382
0.838555
-2.52292
-5.92395
8.51609
7.65405
-9.07998
-4.855
-0.53441
1.2581
4.1583
0.306034
-2.66106
-6.76353
-5.47826
8.96449
1.98636
4.55106
-7.99731
5.58636
2.67616
0.346002
-1.31773
2.3883
-6.48886
-2.62732
-9.17736
7.26772
6.49957
-7.99814
-3.61456
5.06727
7.26534
1.71645
2.12309
8.52213
-4.97204
1.3902
9.13192
-5.88721
2.66945
-4.34628
1.66299
8.67585
4.01095
4.47369
-6.44747
-3.87389
-3.12292
-6.40958
8.17201
8.49595
-8.54267
-1.99735
-8.23144
6.98889
2.72781
-0.89069
4.68177
1.12105
-6.27365
4.42012
9.09478
-3.7328
-4.04676
-5.20225
-2.36082
4.33534
-3.15566
-2.24271
0.541905
-2.56362
-0.149656
-8.40831
8.4416
-5.18331
-1.37927
5.5231
9.02316
1.27442
8.80412
-0.537613
-8.04801
-0.414547
-2.08067
8.25461
-6.29374
1.17868
4.23259
4.37337
9.4735
8.29222
-3.24498
-1.13332
-6.34225
6.2217
9.2465
-7.37336
-7.03091
-1.73225
7.91991
1.03507
5.23375
8.80497
6.82808
0.622321
-8.22261
6.51343
-5.01567
3.8763
-5.40812
8.15694
8.06909
-5.16636
-0.550423
-1.85851
-4.10691
-9.17168
4.19414
0.258044
-6.64883
9.09653
5.62453
1.69183
3.07605
-1.93731
4.81431
-6.7597
7.99691
7.70396
-0.657128
-1.41195
6.18869
-1.64654
9.40446
1.53086
-5.1731
5.24541
3.07146
-5.59156
-3.76885
8.64641
-7.82145
8.14616
8.4148
1.02604
-2.03253
4.14335
-3.1705
-1.42319
-8.41695
0.175089
2.14368
5.78867
3.80627
-2.15371
1.07841
5.86734
3.48149
-9.2669
-1.11437
-6.11297
-2.45044
6.57679
-0.923108
1.9066
-1.02418
-4.68554
6.66521
9.49434
5.53821
-3.5437
3.33308
8.22834
6.60578
1.32209
-2.338
-1.47961
-4.07435
-7.47381
0.250778
-4.33751
6.51447
2.08008
-2.81893
4.23491
2.43111
-2.67129
1.42469
4.5283
3.85992
4.29825
4.78812
1.25723
1.42756
-9.04861
7.80978
1.12594
4.71001
-4.49501
7.82411
6.17801
1.48451
-1.66451
3.755
-4.86999
9.45819
8.48713
5.89009
5.30395
-5.95894
8.69072
1.79074
-4.10781
7.02942
8.86365
2.7765
3.85837
-0.167107
-1.56763
8.90651
-3.34937
1.07155
7.93215
6.24059
2.80539
-9.27573
9.12703
4.21098
-1.31334
-5.32961
-2.00534
7.51715
9.39775
-4.84309
5.69891
7.89789
4.34825
3.14596
7.80324
-4.47984
0.547478
-4.85602
-9.19635
7.83309
5.29379
-5.99719
-1.78647
7.94361
-2.98445
6.67993
-9.25652
-8.38298
7.07424
1.78438
4.81623
6.04884
8.06208
0.756186
4.6311
-6.41516
-3.41899
9.21898
5.17097
8.50999
-3.07291
-0.857091
7.8002
5.6813
8.71099
7.09264
-3.82346
-5.51588
5.90244
3.46181
-4.70603
6.08001
6.0489
3.84347
-5.94911
3.84502
-2.80213
-3.91678
6.75223
-4.63263
-0.80751
-0.68644
-2.42162
-3.50583
5.07246
8.24839
0.58065
6.31317
-6.26446
4.36373
-7.28581
3.86439
-1.18682
-8.94283
1.85298
5.3446
-3.98206
-6.35032
-3.41863
-2.41402
-0.156492
6.92163
2.79818
6.31486
0.910802
-1.27649
-2.17355
5.39181
1.71724
9.13329
9.44934
7.40087
7.97939
-7.14018
-1.188
-6.26799
8.86
-3.60921
-6.30791
4.2039
-7.92322
-0.0477104
0.913982
-5.28663
3.11536
-5.47484
-0.370006
7.74102
-4.09173
3.17477
3.30416
3.43697
-2.66099
-5.85372
-0.455338
-6.42673
-6.30835
-8.83352
-5.46548
2.56774
-2.11481
0.985709
-0.192881
-3.77296
1.61425
1.69536
8.91283
0.454692
-9.42272
9.4963
8.63781
-8.62115
4.94462
2.23202
6.14432
-1.54398
-1.06668
4.21426
-6.2059
-7.85238
-5.05602
-4.23395
2.60167
-0.328176
-1.97794
2.76075
1.48197
-6.6525
0.535179
-3.06828
-4.55675
3.67425
8.76937
-6.80143
3.79812
-4.72959
7.9485
-5.73663
-3.91531
-7.35187
-7.75517
-6.49234
-6.88574
7.44079
-3.65302
