-8
-7.07079
-6.38732
-5.38902
-5.21998
-5.10887
-4.57833
-4.1775
-3.42078
-2.75044
-3.50493
-8.50544
-3.97044
-5.10087
-7.40419
-1.79498
-3.45029
-0.905623
-0.126424
-3.09583
-3.36308
-2.55163
-2.433
-4.33371
-1.53519
-3.22124
-0.667845
-4.33519
0.862446
-8.40884
-4.46614
-3.62005
-0.565405
-4.55869
-2.49586
-0.0870156
-3.5344
-2.15395
0.911682
-4.22117
1.76186
2.18556
-1.60528
3.18542
-4.25916
-2.9928
3.94373
1.49048
-1.34952
-2.03127
2.03509
-0.528448
2.96653
-5.18341
2.47096
2.37696
4.77978
-0.976023
-6.05569
1.12887
-5.92604
-7.93658
-0.0911188
3.89666
3.6889
4.99542
-4.21294
1.72989
-5.22006
-6.61369
-6.21316
-7.26529
-5.55749
-6.47579
4.65728
3.64451
2.78917
-8.13039
-0.571888
-8.58358
-0.787723
1.46637
-8.96122
5.66942
6.1583
6.81545
6.99635
-8.21139
1.84061
-6.04894
5.64222
-2.81809
1.5886
2.54002
0.616159
-5.27141
1.77922
4.75076
-7.21248
6.01152
6.99785
7.81573
7.33634
2.93491
-6.72064
7.337
2.99414
2.58959
4.0124
-3.42446
-7.71947
-5.32176
-0.62377
-4.39916
3.42689
-0.308932
6.43435
-3.36144
-2.84613
-3.10114
6.66487
3.50952
-0.361283
4.10375
2.97361
-1.72033
4.21659
-3.05965
1.56245
4.61459
4.80877
8.05656
3.06261
1.97495
-4.79006
3.7225
-7.02662
1.54202
3.33113
5.51535
-3.40716
7.99521
6.54782
-6.21265
8.26408
5.29743
-7.57714
-2.32336
8.86102
7.23834
4.38545
-4.05423
8.19286
-0.127747
-6.74487
5.38039
-0.726757
-0.080452
-6.3654
4.55101
2.06218
7.16796
-6.43585
-0.198768
-7.23523
-3.50386
7.57434
6.73656
-0.0785122
-2.11346
2.17766
-6.9754
-7.84303
-2.90208
-3.37228
-1.45345
1.67141
3.17493
-0.251463
7.64235
0.352218
1.15121
6.59878
-5.11346
4.52394
7.5469
7.9512
-2.2873
5.66564
-4.12644
7.3107
-7.94398
8.91607
-5.78234
7.30362
-8.00881
-3.96474
6.34287
-8.96983
-0.845688
3.84153
-7.65104
1.5727
1.90091
-3.91429
-0.468307
2.19458
2.37851
-5.32688
-8.5982
8.47456
-0.365333
6.53539
-2.85614
-3.11498
3.15313
-4.85062
2.51928
-3.83687
-6.01811
-7.80535
5.64525
-5.99295
-3.68684
-5.38008
0.656919
1.48197
-2.39571
-3.89184
-4.7911
0.365757
3.71973
3.95696
0.799984
2.36894
0.370297
-2.75691
6.03793
-6.94248
-8.72879
-6.24767
4.0874
-3.89522
3.10736
-6.37678
3.34681
3.0661
7.70028
-6.6585
6.57915
8.0834
-2.10957
7.50001
4.3104
-5.33762
1.02886
-0.111862
8.78258
6.50317
3.76264
8.53506
7.48619
2.75542
5.50843
-4.74431
-0.588716
5.90981
7.46043
-1.75212
1.93798
0.771131
1.58043
4.01821
6.36012
-7.64738
0.482077
6.28703
2.75313
-7.12036
-5.05935
1.47442
1.65364
-8.82553
2.81533
-5.54795
2.70651
4.75877
-1.22876
9.05325
7.98172
-3.32862
-5.61728
7.30451
8.08751
-6.32469
5.60448
8.0926
4.93731
-3.36308
1.21569
2.44333
-0.440783
3.0776
-5.78617
7.30867
-2.52888
2.9304
3.53108
-8.49481
1.27235
-8.90884
-9.14895
2.02853
7.74394
-6.53871
-0.245586
2.78018
-6.89327
7.64408
7.98863
-0.483887
8.91414
7.31358
4.37333
-6.31868
-6.65669
2.5225
-7.46662
8.47402
-6.78351
-0.763044
8.30441
2.28453
-2.29228
-1.2683
-5.11863
1.32329
-9.1789
6.27807
-9.13307
-5.98106
3.99574
7.78687
-3.17035
5.33402
3.97426
8.08374
5.04957
6.18741
1.82221
-7.97092
-5.11703
1.78237
7.79106
-8.87956
-0.618999
1.74022
1.6917
6.22227
0.530452
4.58795
-4.71656
8.63036
-5.88572
-1.98029
3.59807
-1.13322
4.06373
-5.70952
-4.83777
7.04822
-3.57045
0.536604
-4.99579
-8.53529
7.79625
0.620655
9.17914
-3.12081
-4.14229
6.40292
-0.401881
-6.18033
8.46762
-8.31178
4.2271
-8.16772
7.34938
-0.481053
6.59354
1.57225
4.87454
-7.91365
8.9287
-4.50207
6.19485
4.93461
-6.32073
5.21724
9.45966
-3.16921
-0.869717
3.08057
2.00984
-8.3747
-7.26088
-7.71082
1.64899
3.36651
-3.75313
5.36411
-9.2347
-2.014
-0.947003
-3.83506
-7.47556
-8.31631
5.71865
8.20453
-8.74652
0.541498
8.55732
-2.24008
2.76624
0.788268
6.44852
8.43102
5.78487
-2.36225
6.15919
4.94554
6.98543
4.28863
0.322771
0.0480261
3.43682
5.11891
-7.21998
-6.08204
6.88563
-6.31949
-3.74021
7.76866
-0.404457
-6.00552
3.15286
-5.56165
5.56925
-7.15763
1.22015
7.46828
3.47992
6.65109
5.71245
1.80814
5.27528
-4.31421
7.60017
-6.42027
-1.13915
2.95045
-3.48577
2.15201
6.11578
-2.02449
-2.11523
1.99289
7.92468
7.62463
-0.786967
-4.15137
-5.07858
-3.97662
4.98886
-0.282684
7.17732
-4.13657
-4.22497
3.00981
-6.49174
9.19433
-7.74071
0.722292
-0.683305
7.84648
-1.89465
6.75972
3.47296
-3.05607
-0.855206
4.34183
-4.62632
3.86741
-5.2728
-5.6169
0.287033
-3.1296
-8.1136
0.425216
-6.39727
-1.22019
3.66197
-2.27403
-1.46891
2.00811
-7.81533
-6.81351
-3.73626
-0.886192
4.90017
9.17507
7.95766
-9.20566
-6.32398
5.56781
-8.47552
-1.76227
2.03654
1.26653
6.06453
-8.57356
-0.496722
-2.83529
8.33702
8.01793
-6.16456
8.57355
6.36746
-6.23504
2.55036
4.97357
4.43645
7.44057
1.05475
8.77934
2.75612
-2.72545
-8.0143
6.02048
-6.27943
3.96193
-6.46599
-7.03539
3.51389
-4.48232
-6.89596
-5.54044
-0.946377
0.915689
7.13651
-2.26661
-6.51729
-5.05664
8.34789
-2.65763
0.347815
0.0367069
2.38939
0.402366
-5.1717
4.47951
5.76463
-3.49646
2.75812
-4.92984
-7.23773
-5.75463
5.55655
4.90309
0.474907
-5.50713
7.94111
-5.2913
4.78933
-8.15013
8.82486
2.80197
-5.70518
-1.03154
-3.9484
7.51864
9.43636
5.97412
0.310637
2.73313
7.28389
1.68576
9.01771
1.52959
5.74394
8.48208
5.68284
4.106
6.38203
0.454577
-7.4639
5.51799
1.13815
-5.04075
-9.36787
4.54552
-5.76428
8.79299
4.4308
-3.88025
-6.91717
5.68978
-3.5461
7.34643
7.09296
1.14583
8.13929
-3.84474
-4.65834
2.95095
4.264
-4.65731
-3.71914
-8.39232
3.26503
-5.07049
-7.44515
1.69996
-8.34846
-4.87023
-7.11064
6.01549
1.98581
7.80841
-9.28961
4.94461
4.61353
6.35494
3.84975
-2.40251
-3.19359
-9.19826
1.36152
-8.64784
-7.75589
-7.87456
7.76696
3.36449
-2.89263
6.00259
4.32399
4.80901
-2.50051
6.81608
4.07141
4.56591
9.3842
-6.61647
2.67044
-2.78172
0.761107
2.93681
5.29849
-2.13805
-8.3122
8.56
3.83491
0.536539
9.19963
-1.21585
1.59531
-9.22924
-1.09531
-9.39352
-2.25067
-8.89179
5.49319
-9.26968
-3.41317
1.26322
7.46193
4.35025
3.00445
8.66352
-1.50453
-0.0430641
-4.76233
-8.26808
4.9846
7.21174
0.167388
1.93904
-6.5034
9.36542
-3.19949
-7.11507
5.85132
2.26091
1.37508
-8.81673
-1.35097
9.46293
2.26508
0.540346
-7.81826
-9.0727
-0.410898
1.17047
2.06822
-0.290798
5.87757
5.25357
-9.04517
-2.87676
-7.14222
-5.40032
-0.123373
4.05344
2.45976
1.22121
-7.13552
4.52289
-0.586519
9.26184
-4.68363
1.81299
0.952259
5.87507
-4.4776
-1.06711
5.70692
8.13015
-9.33863
6.38748
-2.75771
4.8226
0.000371933
-4.96052
3.57757
-5.2951
8.81674
-4.83486
5.45412
-6.42097
6.9001
-2.46738
-3.9555
8.19057
7.84636
9.13222
-7.81326
5.19543
1.60097
-5.46377
5.77181
2.82376
3.12197
-8.02285
-0.745603
-0.78707
1.48427
-7.55022
-5.7471
-4.61521
4.70295
8.62676
-9.18488
4.88112
-3.4664
-1.29568
1.58988
-2.36476
8.52729
2.44428
3.67665
-7.00236
3.6034
6.42257
-4.63833
-7.61242
8.06787
3.15043
-6.39807
9.04139
9.08464
-1.24117
-6.43372
-4.64785
-4.86833
3.36937
2.96334
6.59137
1.59931
8.38963
-6.18997
7.18958
-0.593504
6.6445
-6.99802
-1.79978
-7.63747
8.16217
-6.82826
3.40048
-7.97109
-3.66694
-5.31117
1.91925
4.85245
-8.04913
2.60849
-9.10018
-5.30971
-1.43383
-9.38733
-5.54541
-0.784635
-5.1219
2.22187
2.04061
-4.09381
-9.29972
-0.758699
8.61307
2.80225
8.19371
-4.81526
-8.20782
-9.02523
-5.65401
-0.649414
4.57277
-7.71567
1.02604
8.55246
-3.35636
7.69087
-8.09611
7.73473
4.85805
4.61855
5.93576
3.5542
6.47318
-7.66011
1.46155
-6.2927
-1.92919
-1.98928
-8.4875
0.599394
-7.99447
8.12253
-7.11035
-0.0846567
2.54437
-0.765884
-7.23836
-6.00124
1.53106
-7.98581
-0.793812
-7.338
-2.01875
1.99145
6.37432
2.91013
0.924969
5.24343
-6.22626
-1.01959
1.00988
-7.58332
-6.07818
8.87305
-8.12425
-2.96361
-3.39128
-1.64106
-5.91629
-7.05876
5.12528
-1.9735
-2.31917
5.52748
-1.88165
4.87576
6.95047
4.25045
-0.0918398
0.985221
-8.73214
8.6175
-1.89823
-7.65459
5.42495
3.59577
-7.82785
5.66061
-9.17448
3.44034
5.15141
6.60221
-1.02238
-5.22253
1.31917
-1.48211
-5.0463
-8.76479
-6.51556
-4.63298
3.69786
7.89422
6.99712
2.29937
9.02534
-2.6309
5.41194
2.43388
-6.41563
8.70592
1.81506
-1.08327
7.59769
6.45764
5.65262
-6.00766
-5.32112
-5.11861
3.13799
-4.12018
1.90969
-8.51885
9.16045
-6.83969
3.60359
9.22028
-1.97436
4.92149
4.63877
-5.87906
-5.2355
6.29589
2.90906
8.40959
-6.53254
-5.30578
0.392794
0.0141315
-8.27897
-1.47154
-3.86195
7.75929
-8.96262
1.63364
-8.68299
4.99379
-5.24308
-6.016
3.46539
-7.51527
0.577842
-8.11855
1.03362
4.52373
5.51331
3.69597
-7.28911
-1.00276
6.31983
0.0991201
6.39576
2.52202
-7.22665
3.00153
-7.81431
4.32182
-3.22143
-4.02603
-6.05677
1.1252
-9.00134
0.436688
-4.04618
-2.7878
8.45317
3.48258
-6.66326
-3.66231
-1.11242
-3.49588
5.40813
4.53149
-0.0940695
-3.99451
-4.22087
0.521223
8.10193
-6.95173
2.68688
-7.46842
-7.40525
1.68242
-8.75867
-7.95131
5.43156
-3.85267
6.80819
5.61974
8.10692
-0.18217
7.6147
8.93055
1.9755
0.923435
-7.24252
0.521239
4.75223
4.28466
-7.22633
-6.26099
3.79017
-1.83172
-4.0604
3.41204
-4.8131
2.67468
1.14963
-6.53544
-6.77734
7.63222
-4.44254
0.357119
6.30325
1.33602
-3.6611
-7.01919
1.28083
-5.80536
7.25558
-0.866607
3.39743
-6.95875
5.00054
0.346812
-3.47084
1.34605
-1.96228
7.36948
7.14286
4.12756
-0.858953
1.23882
5.16728
-8.74106
-6.61782
8.99152
9.38616
-4.70415
-7.96985
-5.78387
7.91655
-5.55551
-7.75258
2.11701
5.68044
1.81035
5.60566
5.41365
1.2783
1.52096
-4.78074
-5.73812
-9.35992
1.39201
-3.80037
2.7381
7.19375
9.1756
5.75466
0.829643
3.05662
8.35434
-0.382378
-4.47313
2.56382
1.16574
-2.04506
-7.17587
-5.01465
1.26526
-0.175725
5.30116
-8.81404
-3.54081
-4.23063
-1.6243
-2.51174
-9.47044
0.442373
0.0629616
0.844932
7.03572
-3.38707
-2.1148
3.20605
-8.11845
-5.2725
-7.01603
-1.52447
-2.42068
5.11386
7.95082
-1.91728
-1.32625
6.16358
3.18774
-0.941902
-9.3453
8.78242
0.771358
-4.39625
4.69662
-7.49134
3.99568
1.57651
-4.84443
-5.27857
7.92052
1.38396
2.91386
4.95884
0.324059
-2.82545
-3.71891
3.51501
-0.533106
0.807773
-5.26938
-2.66434
-6.59558
-2.16417
-1.56051
-8.20173
-4.04756
4.28183
-9.27022
-5.0321
3.25761
8.09942
6.59114
4.66636
1.72982
-9.28465
8.12328
7.97764
2.67976
8.51637
2.77714
-2.33973
-6.66489
6.29963
9.44388
-0.904063
7.02408
-3.88881
3.08599
1.08743
6.90649
7.92111
5.16982
-8.69873
-4.9211
8.155
-8.86262
-8.87078
-0.206882
-3.00574
-7.95043
-1.21655
-8.22273
0.764093
2.73566
-1.3354
1.06223
-5.47372
7.18657
5.00465
8.48036
6.70696
-8.43518
7.83018
-6.72686
8.20535
0.445793
-4.34906
3.45564
-2.25993
6.00478
2.90769
-4.26846
6.9541
-5.9538
4.65136
-9.09092
-7.37511
-4.18401
-4.06587
-8.09318
0.891277
7.88795
7.73498
4.98914
3.28632
-0.349491
5.80917
-7.96094
-9.39148
-4.57796
7.45807
-8.26657
5.25937
1.198
0.497568
-6.7119
-7.32726
3.38354
5.59229
-0.951923
8.86917
-6.08494
-0.225193
-2.08491
-9.42486
0.625077
3.28876
-8.01485
-1.94271
3.41975
7.96943
-2.0802
-1.58426
-9.45432
-6.58286
-1.68948
9.25035
4.366
-8.43731
6.25803
1.92961
7.97234
-0.294868
2.44021
6.68298
9.21737
-8.2374
-1.88512
4.97672
1.90203
3.81834
5.51283
0.465425
9.21335
-6.68131
-2.3866
7.14319
-4.06339
-2.77763
-2.70611
-5.93608
-3.13073
-4.44215
-2.88167
-1.12806
8.14619
-6.26856
-8.2676
4.54524
-2.35087
-3.33567
-8.72818
6.20533
-3.23148
-6.9795
8.76495
6.33302
-6.94964
-3.67817
-7.03846
7.46455
4.53114
8.46728
-1.75387
-4.39066
-5.29905
-0.519005
9.38141
-2.76237
-0.885981
7.34254
0.561575
5.02878
-7.4945
-0.777877
-4.17655
3.9853
3.36351
-6.29354
-5.34099
-1.46918
-0.762202
-7.84523
-4.47619
-4.0045
8.87201
-4.17049
8.47789
-6.53929
-0.692213
-4.83174
-9.28305
-8.02067
-8.62373
-2.48872
8.53498
-2.44807
-3.80078
6.62646
0.529005
-5.11446
0.790972
7.63042
-6.60816
-7.22921
2.00951
1.69031
-2.96886
1.23424
2.31799
-4.57492
1.49853
5.41548
1.03443
-1.35272
5.39723
-0.383478
-5.37493
-5.83975
1.80669
7.67792
-3.28575
-7.26076
7.93943
-0.630233
9.48796
-4.58395
-7.10418
5.20445
-4.77797
-8.32841
0.129422
9.40835
-8.68841
-7.84966
6.61527
-5.46267
-5.59892
4.41175
-4.15874
4.63914
-1.19687
-8.81913
1.46521
-2.14069
-2.97783
-5.57508
2.74322
-0.000885963
8.85478
4.72183
6.19006
4.82458
-8.26409
4.36199
-6.86397
8.83448
5.94674
-3.58174
1.13811
-8.20522
-8.70046
5.62438
-6.58744
6.38873
2.72564
4.76047
1.57548
-5.71077
4.51326
1.43416
0.990372
0.84605
2.44423
-5.56898
6.58029
8.51757
2.99205
-6.28026
-8.97585
7.27782
-0.240484
-3.50817
-3.15297
-0.52391
-0.413692
2.75637
-1.5632
1.54418
3.26922
-9.28859
-8.90651
-0.0103712
9.42116
-1.71519
-3.2016
-4.44773
2.09308
4.29532
0.680504
1.02829
-8.92773
0.696951
-4.95139
5.48714
6.60368
-3.94798
1.60728
-7.06718
-3.85935
2.04442
-9.49382
3.42271
4.10695
-3.32286
-7.12757
6.59435
-3.23601
3.26787
8.08651
-4.33357
-7.96529
6.04523
2.24304
1.83293
1.27101
6.0995
-6.12642
8.10904
7.20474
6.51193
8.43674
2.57679
6.09192
6.57976
1.68264
3.56542
0.208035
0.0959167
4.38007
6.33291
-7.68859
9.22812
8.39737
9.01597
-0.265339
-8.36253
6.86623
-5.07111
-8.95201
6.24011
7.17789
3.05536
2.53145
-0.188382
-6.16979
4.35901
-4.9356
8.79839
1.98238
4.43594
2.92225
-1.96853
-0.606485
-1.90272
1.85767
-7.20372
6.83314
4.30129
0.170599
2.69056
-8.81015
-8.78328
7.8026
2.18137
-9.48666
3.17319
1.56108
7.19373
-1.66823
5.31774
0.0235538
-9.23543
0.0179558
-8.05734
7.33845
0.470118
1.35842
0.184095
1.71693
-4.19792
-4.83608
-1.09934
5.72652
6.12876
-0.293251
8.84776
-1.7754
0.619036
-9.46432
8.33441
7.022
-8.01074
4.22443
-7.38316
2.37424
-2.38911
5.73591
3.85085
-9.36701
-4.83263
1.24828
-9.41921
-0.175199
1.81266
-1.39197
4.05289
-2.4919
-7.14103
7.11936
-8.35755
-6.66601
-1.5301
-7.17898
9.49986
-1.41636
-8.61964
2.61546
-0.338339
-9.12365
-0.712935
5.27623
2.31684
-3.65588
2.90927
0.40903
-1.80627
1.93008
0.927851
-4.23348
-7.2605
-8.82414
-6.79503
-3.919
6.23159
4.34095
6.44173
-1.14139
2.40151
-6.06563
8.66622
-1.91358
-6.47641
-3.45632
-0.558013
-6.35973
3.40304
-5.59083
-3.55861
-3.84058
-6.33001
1.64168
0.220771
-8.61772
-0.0805426
5.74695
3.03735
-1.43936
-1.13578
7.07998
9.04615
-8.2487
-7.87008
2.81083
1.07581
-6.69263
2.55233
8.29355
-7.58487
5.17937
-3.78111
7.43261
-2.20224
-0.29883
8.19416
8.92923
-1.72969
5.99833
-1.12678
-4.71001
-7.33347
5.52508
1.77692
-0.826908
6.10229
5.17302
8.63102
5.11334
4.96263
9.2425
3.78388
-1.93525
4.47039
-7.09756
1.69136
-2.06432
-8.36435
6.25643
7.57287
-6.78037
4.82334
7.97417
-8.28338
-9.25307
-4.6676
-2.02605
-4.42282
-5.87158
2.43981
6.68423
-5.58654
-8.39669
-2.1719
9.08735
-9.20505
-0.619292
-6.30334
5.9858
-3.40217
-5.03934
4.71535
7.01612
9.01747
4.66355
-0.168586
-3.0289
-5.71156
6.2312
-0.0428362
-6.83572
-0.770754
-0.478764
-6.35768
7.3695
-3.17477
-5.18807
2.868
1.28398
4.06192
-3.60432
5.36027
-0.392576
-3.08998
0.316702
-0.934828
-4.65503
2.39242
-1.23516
3.71078
9.0324
3.5183
-0.856972
1.43178
-1.38676
-3.77717
8.38351
7.78525
4.98845
-8.56721
-2.06011
5.65065
6.93264
-4.54493
-4.75259
-2.66969
3.26099
4.5962
-1.57117
7.94272
2.82002
5.26273
3.18904
6.49706
-8.85007
-8.32412
-1.57218
-7.62531
-4.6304
1.05794
-3.00438
9.23686
-7.33937
5.521
-5.29223
3.01849
-3.86456
3.97146
-6.74175
-4.86215
-2.24026
3.4627
7.20592
-9.28507
-4.48568
-5.89151
-6.0211
-0.623657
-1.21324
-3.29425
-5.0375
5.97367
-9.3475
-8.66677
-5.13515
6.2978
-2.08935
8.78587
-8.44064
-7.12365
4.4841
5.60306
8.29044
-4.9239
5.14999
-7.81311
-8.40716
2.6131
-6.52592
5.31291
-4.35969
-8.23925
-2.28565
2.86752
1.49236
7.0771
0.622475
-0.595771
8.62047
6.74835
-5.67251
-7.82344
7.46434
-2.0894
-6.09044
0.304325
4.30846
9.33146
0.523458
2.89625
1.7761
6.84451
-3.1453
1.20394
0.62289
-0.839042
2.47202
8.4501
-5.84575
3.04101
6.03205
-3.48282
6.14134
5.42774
8.18657
1.33807
7.60041
-1.37606
-4.59583
-5.66423
2.04629
-6.43372
-3.25585
5.78434
-6.8695
-6.77035
4.49124
-3.31168
-1.59142
7.9394
-6.47242
-2.22325
-5.32886
0.31942
-0.804496
1.20047
-6.02135
-7.33372
-5.13788
5.54186
0.821493
6.70819
2.10447
-1.90089
1.57754
1.48815
-5.81444
-0.92654
-4.3365
-0.283009
2.43439
-8.94147
-5.63739
-2.0944
5.3523
-4.2421
-5.15045
1.08455
-2.12445
-4.28108
-5.44096
-4.7095
-7.2284
1.82624
-1.29687
0.306655
8.80543
2.97021
3.47918
1.32482
-2.34744
7.09946
-0.876971
-8.6008
-5.6613
-5.25357
0.0969067
-4.95559
7.56834
4.80792
-3.18671
-1.89399
7.07343
-2.17644
4.49569
9.14789
1.78854
-8.14686
-2.12735
-3.42811
-6.19376
-4.63615
-0.750426
-1.68603
1.96063
5.82522
-7.3106
-4.9423
-3.7842
-4.67612
3.38121
1.16608
1.5694
4.69364
-4.2406
-0.889612
7.54996
-7.28827
-8.86233
7.50956
-2.7162
-7.96375
3.01432
-8.43146
-9.44335
-3.65138
-5.59957
-7.21849
4.85127
-6.9627
-7.38571
-4.96732
-0.419701
-1.67471
-6.86677
-2.71118
5.60374
-6.08337
6.6852
5.01359
6.56654
-1.03542
9.28023
8.09317
-6.3144
-1.77268
-0.7038
5.98827
-7.15353
6.96964
2.24826
0.896688
-0.218225
1.60737
-0.002388
2.94118
4.79567
1.21663
-0.107318
2.94227
7.89302
-2.84412
-7.44817
-1.4825
-7.41038
-6.38511
9.27547
5.04161
-6.7605
-7.2228
3.13
2.80745
-9.40413
2.94858
5.73532
3.59045
-4.29574
0.25716
0.942372
3.63596
2.02229
-2.04606
-6.20574
2.10311
-2.6259
-0.420261
-7.11832
-5.08833
2.24092
-3.32814
-6.4618
-8.02635
-3.40211
-2.52671
3.14528
-4.27168
-3.37934
-6.489
-6.93546
4.17631
2.39555
-2.91652
2.88826
-4.84423
1.93624
5.28776
8.76798
-9.40567
-7.05402
-1.1472
-5.84591
-6.4386
4.79571
-0.278103
-3.72921
-2.75591
-0.831489
8.55599
7.71446
-3.61382
-3.87981
-1.60429
3.30317
8.63281
-0.387696
-5.32411
-7.95388
1.48521
-7.5884
9.44412
-0.817431
-1.16397
3.0689
-3.65999
-6.96706
-3.5644
7.19603
-7.64662
-2.0791
-3.58926
7.01294
-8.26497
5.65195
-0.919762
-0.208216
2.57308
-5.53324
-7.68423
1.37329
8.92836
-1.50985
3.05884
-4.10502
-2.44189
7.69753
-6.2171
1.86479
4.13501
-3.30291
2.35126
-8.86848
9.34956
-6.16257
3.09799
0.416713
-1.88962
-5.40696
6.58145
9.34273
-3.88001
-1.01055
-1.35643
-4.49847
-3.6603
1.82953
-7.22288
3.0695
2.84443
-8.17473
8.19384
-7.83199
1.10487
-6.64744
8.91219
-8.0347
-4.17907
-6.98303
4.0792
-3.62872
-2.10987
2.81379
5.76295
-2.87288
-1.08063
-2.47613
-6.85334
7.84842
-3.68495
-0.805489
-8.20721
9.2351
-0.520065
3.32825
-9.08022
-1.15207
-7.41703
9.39179
-7.8009
5.03105
9.39853
-1.6483
-5.32306
4.00755
-7.05289
-1.11311
-9.3899
5.49652
7.65192
3.63788
0.853071
2.30527
-2.90332
-6.85386
9.01875
6.35491
6.65369
-7.96279
4.9033
-3.53841
-2.83346
-7.84299
1.89278
8.38062
7.13372
6.18189
-7.61706
3.52618
7.50523
-8.2021
4.89198
-0.887178
-3.06308
3.58546
-7.35391
6.76651
5.55139
8.30404
1.40514
-5.3821
-3.08494
-0.608006
-4.26072
8.28043
-0.35853
-2.39274
-7.03231
4.3287
-1.35236
2.29562
-9.36908
4.07343
-8.22098
4.37273
3.06559
-2.76475
-5.59905
3.97964
8.6292
5.85378
-7.6246
-9.21935
5.37462
3.67889
4.84243
5.51726
3.24477
4.39443
-6.3068
-8.3416
-2.55932
-8.13183
7.48146
-0.801745
6.56096
6.94277
2.24312
-5.45035
-9.29893
-4.94334
-4.58807
-7.44448
-4.15918
5.96397
-8.16218
8.32951
-3.26239
6.9202
2.57783
-9.49126
-6.27899
-8.69419
-9.48775
-3.93492
7.10238
-0.345913
-4.11887
2.34344
-2.14727
-7.47364
5.7363
0.526205
2.92772
7.83474
-6.21319
-5.08061
-8.85257
-0.132022
-7.53852
7.9077
-5.65364
5.52011
9.0537
5.69051
8.5365
-8.50323
7.66342
-7.41307
-2.76013
1.1438
-6.85628
8.95947
-4.80146
-3.38598
-5.57105
-0.00231934
0.389086
3.67977
-7.19302
-6.09116
-8.06567
-4.18442
3.81151
-8.66654
-3.91254
-4.0329
0.0823832
-8.08591
-9.28946
-0.174303
7.36239
-9.0312
-4.43671
-7.02374
2.07734
6.75667
-8.25692
7.88797
-2.10895
8.87581
6.14818
2.3255
-3.81134
-4.35928
-0.142737
4.2988
-0.487353
-3.20059
4.06281
5.00077
-3.59979
-6.48393
-9.14091
-5.9036
-0.976867
-3.78153
8.06261
1.03652
0.696442
0.312839
-7.72971
-8.58453
-3.33017
2.139
-0.69502
-2.6387
8.04694
1.70229
-7.92735
0.327893
-6.16142
7.99199
-3.98043
3.97691
7.42006
-5.37703
1.80861
7.15993
2.41703
1.27767
5.97894
0.48912
1.68065
-4.39801
2.69703
4.84054
6.95422
0.687033
-2.86115
1.26366
-1.3512
2.64858
2.97851
0.329963
5.52957
1.22377
3.99013
-9.35325
5.52201
-2.18689
-1.68018
5.45002
-6.83592
-7.3997
5.08531
4.47511
2.32
1.11397
-8.13725
-5.30378
2.69445
8.03395
-3.63929
4.85815
-5.58158
2.70732
-2.43244
-1.13412
-6.56867
0.542915
1.17185
6.97445
-7.57363
6.2963
-8.34164
-6.80228
-1.38711
-4.41949
-2.23784
4.34203
3.03563
-2.47418
3.93654
-3.65354
3.30788
-1.99905
-7.12242
6.91706
0.887655
0.155725
-5.6322
8.6228
1.59584
4.3009
7.35138
-8.55499
1.85084
-3.14605
-2.96043
6.52132
-0.887316
-0.675947
9.2431
2.75772
6.24436
6.59159
5.58383
-2.80181
-6.67779
7.61403
7.17364
-6.62342
-3.03386
9.2968
6.5019
4.9229
-7.00252
9.00746
0.481548
-0.840818
4.84886
-8.59677
-7.34244
7.11649
-3.35372
-4.06796
6.23127
-0.0973835
7.26083
5.76133
5.66414
-6.649
8.34786
2.52826
-1.43589
8.84638
5.87585
8.82647
-7.13947
5.10989
9.08518
4.02142
-2.28409
5.39231
-6.53402
-7.76397
-2.63927
-0.586697
-8.42357
-8.8475
-1.49071
2.57165
0.0207024
2.80851
-5.77524
6.47174
-9.11852
-0.471569
-2.33512
-2.66976
0.484805
-3.27363
-1.84221
1.90165
-5.09278
-5.99717
-1.29496
-7.62356
-9.28209
-4.13969
-5.10072
8.2837
-2.11848
3.6975
8.61787
-1.69727
3.49148
4.99283
-1.86212
4.30566
9.02858
-5.27335
2.59721
3.30989
3.82735
1.64807
-9.12045
-8.00893
7.0412
-3.62943
8.55389
7.35636
-8.98037
-8.54677
-4.94062
-4.27255
2.97228
0.997777
6.90511
2.50947
-8.5765
4.89461
-2.34388
6.75491
6.6745
7.82274
4.64326
4.03908
8.58937
-8.27988
-7.09651
-8.53552
7.5214
-5.03637
-2.33986
3.30674
-6.64936
1.37237
9.2883
-7.17864
4.33412
0.997887
4.67946
8.6552
5.35034
-0.772603
-6.52293
-5.62945
-8.69742
0.230828
-2.25367
-6.49552
-8.17499
-0.891783
6.12016
-3.94289
9.49658
-0.48264
-3.6231
-8.02483
0.900091
2.49183
-7.76395
-7.00817
7.28657
1.17317
-0.143145
-6.41617
-7.59259
6.1629
-9.24336
6.08002
4.22038
5.14171
8.06123
-8.35222
-8.68756
-5.65253
6.35071
5.04242
-7.57491
-9.47795
-6.13565
-4.28709
-8.13176
-1.82426
7.73984
2.89888
-3.2873
-1.84424
4.08238
5.32698
-8.69151
7.56195
-0.25751
6.25058
-0.223127
7.3312
-9.2563
-7.79161
-2.96875
-8.31683
3.69501
-5.00946
1.16037
-1.30356
-1.28402
-4.39906
3.7385
-5.63808
-1.25317
8.93639
8.73133
6.47631
1.33863
3.11761
-2.39422
3.5569
0.566326
0.32278
7.22535
2.58614
-0.975846
2.21926
-6.57121
-3.75635
7.19369
0.699319
-8.55237
5.40005
-4.13967
1.15615
-6.68156
4.76691
-6.73952
-5.89109
-3.57284
-3.61532
5.89572
5.22761
-8.01091
-2.68059
-1.65368
-8.4467
2.26403
9.19049
7.42249
-0.532763
9.04709
-8.83119
3.27629
-3.7576
-0.525563
4.32415
3.8913
-5.84807
0.410604
-4.016
-0.259648
-5.32664
3.8305
-7.11175
-7.22117
-1.62357
-4.90867
1.54361
-8.68631
3.56518
9.25601
-7.74835
-0.46711
0.419561
-0.909241
8.67661
6.74522
3.91434
-4.59693
-3.22562
4.73268
8.8762
-8.15943
-2.864
-2.46856
1.31696
-6.11013
8.11091
6.95432
9.18068
8.82119
2.1007
-7.71311
3.68363
-3.56199
1.00825
3.68768
-9.33482
9.17011
4.19336
-1.9381
-5.5173
2.4802
8.71576
6.7584
7.75758
-8.65413
7.06404
-0.624016
6.06247
-3.78346
-5.71722
-3.31648
1.43678
-9.26608
4.87536
-5.48509
-1.11999
-9.23237
4.49751
7.57497
-9.2837
-6.37274
3.15595
5.40424
5.80956
-9.10837
-7.03537
-3.25497
-3.15782
-4.80445
4.49061
-8.63941
-7.50104
4.71293
-0.0330191
5.01847
-3.64793
-9.43833
2.51046
-0.592022
-6.92115
3.31508
-2.58705
-4.35679
-6.5209
7.1618
-7.1381
-3.94802
6.19489
-0.107875
8.18915
-0.7152
5.3333
-3.29715
1.29976
-6.68114
2.26384
5.14457
-8.41966
6.94664
5.06233
4.37192
1.41862
7.41908
-0.825361
4.14898
6.55035
2.3517
6.96266
-7.77129
2.3045
-1.09672
6.47119
-3.92726
-0.774235
3.22636
-8.67183
5.54532
1.86233
-7.64544
-4.45509
7.35537
-5.93126
3.56717
-6.45547
2.8258
3.32075
-7.06856
-7.28518
0.0679588
6.4453
-6.46054
-5.85708
-5.04498
6.43875
-6.99898
4.67443
1.20815
9.31912
0.666781
3.33095
2.03336
-4.24458
1.98694
3.49745
4.19134
0.928183
-5.86214
-6.23032
-0.649405
-2.50473
-0.47769
-7.32169
-5.23559
4.6373
-5.34633
4.14112
-1.22802
2.60982
-8.34555
-4.05248
1.18654
4.32882
8.53103
-9.14848
-5.41841
-6.79324
2.29565
-2.55865
-5.48528
-2.64158
5.55612
-3.23061
-8.0524
-7.56589
1.19733
-0.61806
-9.38594
0.937692
1.47365
4.54165
1.98851
-9.28137
-6.43453
-0.210076
-1.95472
-9.35904
-9.18803
-5.51427
1.02569
-4.58859
0.641087
2.53834
0.493559
-4.11595
-0.937012
8.9853
4.67972
-6.09555
4.12127
7.53967
-2.86603
5.2588
5.03695
-2.69725
-3.30788
-0.891737
-0.93673
-1.27341
-7.9611
1.93467
0.418034
-0.200571
-0.660612
8.86789
8.85395
1.95031
7.62156
-1.24717
7.63848
-5.57744
-3.74143
-0.797504
-3.97614
-0.678324
-2.24845
0.764376
-6.95819
-6.03001
5.63413
6.0085
-7.09244
8.18
-6.5049
-0.478508
-7.47978
1.78817
7.26347
7.07627
-7.87218
-4.48095
-3.02969
0.456605
-3.1394
-0.984317
-7.12915
-8.57144
-6.98585
4.28361
4.31316
-2.93756
-9.46996
9.06963
0.752867
1.86727
6.98024
-3.36127
-1.21101
3.609
-7.14991
8.02579
-4.01238
1.39862
8.38118
-6.79042
7.10121
4.63387
-6.00111
8.19501
-4.36951
2.38616
-9.43549
-2.07637
2.83498
-0.788914
6.63797
-6.82983
-8.83443
3.74837
-3.00504
-1.88523
-4.26183
5.33234
-3.13459
3.99546
1.79945
-5.23488
-2.44324
-6.53752
0.947277
-1.86296
5.97403
6.488
2.735
-5.40218
-7.59365
5.00593
6.07775
-7.21657
9.16935
3.53162
0.731931
-8.5446
7.09454
6.40713
-5.48448
-2.883
8.32517
-4.09543
7.13333
-7.17482
0.256947
-3.4344
3.35089
-7.02668
5.67701
1.7616
-4.05728
-7.354
-2.9403
3.87174
-8.17814
-8.24137
8.75278
-5.62994
-9.0594
-0.00139236
8.95667
-5.26309
-5.68046
-6.79206
1.22571
-8.18872
-3.17489
-4.77678
5.45934
-2.63617
0.556362
-8.19824
5.12634
-4.13791
7.03384
8.09688
-5.8009
-7.81531
4.56323
8.7809
1.24656
-5.92565
6.27521
-3.40052
6.34264
-1.04749
-8.17457
3.49663
2.50627
2.30124
-1.12265
-4.77599
-0.770482
-5.4029
-0.803226
-7.39857
2.60686
-0.240444
-4.15692
2.31363
-4.95426
5.35602
6.34074
-6.19495
-5.43234
-6.8721
6.12297
3.79657
4.13155
8.65636
9.26598
9.12457
3.4322
8.7236
3.71344
1.5561
-0.853708
6.93175
6.53882
1.29106
-7.32683
-2.89081
-6.5187
-2.97666
4.62011
-1.85825
3.27014
3.79814
0.634693
3.25108
2.73232
4.48418
-0.543367
0.862877
-1.06548
2.9975
-1.67481
-2.75397
-6.66771
-2.50025
8.91627
3.74796
6.53757
-8.04274
-5.15366
6.79699
-6.45631
2.20104
-7.99595
-8.45421
-4.78063
0.807093
-3.66209
2.98157
-6.36283
-5.96589
5.21663
-6.13458
1.59343
-1.41223
3.68084
6.0503
-5.39032
1.08042
7.14987
6.02644
-1.23482
8.52794
2.03454
-7.77192
-4.28978
3.05684
-3.16612
8.10072
-4.36599
-3.18227
8.81996
-4.80326
-9.07762
-0.414883
2.57694
-3.97079
-2.02409
-2.78191
5.68216
1.57916
3.85514
-4.33874
6.84034
8.64437
0.610134
-3.4739
-9.10602
2.08403
-4.47927
6.09065
-3.99691
6.10708
-5.92299
6.25347
-1.50183
-5.59888
-7.93552
-4.54529
-5.10046
8.17318
1.87172
8.87413
-0.453756
-1.38328
5.9448
-0.296539
-6.28821
5.37705
3.53964
-5.89119
-8.26087
6.19725
-0.248603
-5.48754
7.71681
-3.92342
-8.24722
3.54429
-0.654435
6.93592
6.78082
8.61333
-5.65019
5.99732
1.23207
-0.10745
3.84653
5.6344
7.09064
-8.84813
-3.33832
0.142449
6.85717
-8.70239
3.71776
4.1306
1.35915
-1.90288
5.46606
-8.20211
6.289
-2.31841
-3.90455
-8.30113
-4.97303
-7.97049
7.54691
-2.30411
9.25033
-1.95794
-2.36664
-2.89429
4.91658
4.70146
9.29726
7.08076
-1.81021
-4.27822
-1.92165
7.47133
-5.20603
1.67279
-7.77763
-8.51663
-6.10878
2.4371
-1.89077
-3.80025
7.73631
9.31003
-8.91674
-8.21494
4.22569
-9.2369
8.75723
2.31539
8.04694
-5.1978
-1.35297
6.24129
-5.40703
-2.06196
7.14636
-3.6232
5.82634
-5.61642
-2.58174
4.54913
0.703753
6.6055
-8.59772
-1.71901
-6.79699
-6.55623
3.68428
-8.11467
0.36603
2.12821
8.84467
-5.76181
-3.33312
-5.27695
3.76845
-3.86331
3.22288
4.82478
3.74344
8.4319
7.47208
-4.77605
-4.63259
-0.81922
-6.89763
6.00062
-7.30354
5.96232
6.75264
-3.30831
4.20297
3.87939
-1.07027
-3.26804
1.29798
9.4778
-6.43855
2.11191
-7.65918
-9.23232
-7.44516
-8.99105
0.883659
-1.75207
4.77486
0.403723
-0.123251
7.35842
-5.11816
-3.8319
-1.70558
2.70175
0.491117
-5.4019
1.17339
-1.17007
-0.0560741
7.28893
1.79879
3.37303
8.46372
4.82183
2.29602
4.97211
5.61908
-5.06401
8.9748
3.47951
0.0993681
3.63751
8.46111
-6.42631
7.74198
5.68005
2.02288
-4.21103
0.222374
-3.86759
-1.79949
-1.07571
-3.46458
6.09404
3.17225
8.53294
6.74208
-1.44182
-3.83766
-2.95213
-1.37568
3.38009
-0.289121
-2.93297
8.76083
-8.37277
-7.55715
0.0889225
-5.20258
-1.73157
4.89453
-4.563
9.49457
2.28127
-1.5325
-0.729638
-8.4472
3.99647
-3.74709
-2.89303
6.33104
2.69886
6.89683
7.31078
-3.95104
-4.97538
0.589718
-5.60381
-7.93904
6.62672
7.58305
8.86595
-1.45246
0.399528
3.92593
-3.75932
-0.969144
5.30083
-5.16823
1.92085
-7.70673
2.59485
-6.63308
2.90742
5.11866
-5.3642
8.46664
-2.00815
-1.18131
0.793871
7.37005
-5.80882
-2.55552
2.05822
8.62259
6.42721
-9.2559
9.43599
9.22387
1.31529
-7.3665
5.97134
3.53967
-0.698266
2.85991
-0.395061
0.0421429
7.546
9.44497
5.44166
-2.16248
-6.52842
2.35605
8.45994
7.55728
5.0926
-7.09067
-1.7431
-8.80935
8.18439
-5.23161
1.03784
7.51335
8.03946
0.401447
-2.37946
-1.69602
5.48933
-5.60559
1.34909
4.7032
7.90504
4.34683
0.51696
3.70531
6.38631
-9.01468
7.62173
-9.33921
-1.41754
-3.85877
8.1743
-2.68496
1.2381
0.0589409
4.90584
1.81657
-0.209569
3.45311
7.26664
2.9645
-6.9557
7.53988
4.26419
-1.4868
-4.68833
5.00721
-5.65951
-9.19043
4.25434
-5.33087
8.14801
0.221518
2.56067
0.30302
6.81131
-2.76827
1.52401
-6.486
-5.45885
-7.82344
-9.15655
6.63591
1.81477
-5.56973
0.0716105
0.113889
-6.47857
-8.2198
1.40824
8.36394
0.139885
3.44344
-2.12543
4.28264
9.47083
-8.04405
2.16652
3.00051
-7.38418
7.81874
8.01076
2.90315
2.80045
9.27979
5.35947
-9.46922
5.73952
-6.09729
-4.35165
0.186448
7.12538
-0.223019
8.93951
2.52159
-2.80533
-3.09295
-6.85915
-7.66797
3.3412
-1.85757
-7.13559
8.62683
1.78799
-6.32965
0.1707
7.92557
-2.45659
9.12569
-9.0205
4.83589
8.50153
4.07339
6.47705
-6.30364
2.42064
-1.49857
5.32263
-7.73615
7.79397
-4.55899
0.75676
-3.8333
-2.2775
2.29583
5.03275
-9.46488
1.63092
6.52074
-8.36834
-8.11195
0.422508
2.21418
-9.19519
-0.273086
9.23024
0.366121
9.0406
-0.488875
3.45932
-6.82051
-1.35839
8.82317
7.5215
-6.05808
-8.06796
0.992548
2.14262
7.36593
7.17553
-4.8293
0.479872
6.7329
-6.27975
3.3596
2.48139
-3.55668
0.631662
-9.44977
3.7005
9.32031
4.14122
8.91587
-9.46435
-1.20741
2.68833
-5.60216
2.59331
6.82757
-5.07795
2.18838
-1.292
0.859465
7.39363
1.7405
8.0043
-2.9732
2.16556
3.20198
-4.72637
4.92144
-0.94149
0.802202
-6.1717
6.07324
3.1277
1.17428
1.08167
1.09393
-3.40629
-4.81077
-1.28386
-8.48181
-8.16015
-9.38953
4.72358
-5.72397
5.55506
-8.74997
2.38396
6.21342
-4.40802
9.44689
0.141781
6.7837
6.85215
3.02205
-8.31726
8.34075
-6.69849
-8.06791
0.721109
0.484875
7.55985
-3.33669
-8.6536
-8.91936
-5.55902
-4.57059
0.0803385
8.91218
1.39944
-3.81887
7.00123
2.35697
-1.6608
-7.88455
-0.801121
3.44858
-4.89826
1.33857
-4.24836
0.767392
9.04953
-4.34806
-7.15745
8.55662
-3.20844
8.50631
4.49117
-7.77339
-4.33042
6.28192
-8.74379
-4.58626
-5.74027
5.90067
3.52028
-4.15667
6.96201
-1.45336
-1.17177
-5.35402
4.48673
4.18004
-4.87691
4.71809
2.73724
6.88413
6.02728
5.30597
-7.02578
3.36589
2.07253
-7.40614
7.25074
-1.7647
-3.62301
-1.54919
-7.73503
4.14644
7.11488
-8.08145
-8.67165
-5.59657
-1.0977
-9.11661
5.09487
-8.12441
0.717087
-5.91692
2.52623
9.21483
-3.89221
1.77424
-0.736098
8.75143
-0.871712
6.71411
4.66922
-7.87293
-3.40876
9.02985
-0.432455
8.57771
-3.15899
-3.81549
-4.10487
9.41711
8.35329
-3.4415
7.18451
6.7382
7.93649
-3.03997
7.2855
4.57309
5.73683
-9.49633
-5.74526
-1.36632
8.98048
-2.18076
6.7318
4.43849
-6.17563
-4.41298
-4.47838
1.97
-6.41293
1.14291
-5.08009
-2.27438
8.8668
-6.76542
4.91746
3.27141
1.23171
5.46839
3.24612
7.29321
-7.64335
-2.14852
0.755356
-3.18371
-5.28961
6.33201
-3.30126
1.58659
-8.93919
-1.99523
-1.51149
5.82196
-1.40346
-2.49738
-1.61559
5.44241
-0.257383
-6.27
-0.168153
0.202464
0.398898
2.62062
-5.39264
-2.01109
-8.12372
8.87758
9.48817
-5.59899
-6.07786
-4.75123
-2.01387
-0.552732
0.242559
-9.45418
-7.76592
5.5347
3.79183
-2.66552
7.62844
-3.71097
3.81344
4.81488
-0.424276
8.24422
-9.47024
2.34043
-3.0294
1.21735
0.0915155
-9.31714
0.142802
9.0451
-6.69304
-0.199312
5.5453
6.18261
-2.58343
4.2141
-7.88168
8.71866
2.57105
6.60534
-6.61257
-1.71122
1.76289
-6.0895
3.92292
-0.323066
-1.71027
4.35029
-5.90681
-1.04396
-5.04027
9.4561
-0.275337
6.16696
-1.88924
-5.04172
0.0605068
5.1785
0.685669
-6.2709
-7.95539
-8.16152
2.88366
4.16935
-3.27833
-1.5134
-3.70447
8.75944
-3.88255
8.31591
-2.3013
-4.27359
6.52124
1.81551
6.71774
2.37286
-0.157243
-3.42176
-0.332394
-1.75418
-6.99246
1.98334
-8.06835
-6.64679
3.57343
-2.61044
-0.0154781
7.30159
0.283871
2.01696
-7.22891
6.60301
0.932024
-0.821731
8.24609
6.56277
-5.57065
0.378619
8.84536
5.99135
-7.18856
-7.48653
-7.2256
-1.06784
-2.36145
9.18117
-5.68292
-2.57719
0.712823
0.919445
-3.07748
5.8217
-8.29021
1.03296
-2.91415
-8.91795
-3.35963
-0.585623
2.07206
0.0497761
-6.04782
3.50049
-2.13778
7.04388
1.4889
4.13045
-8.73247
-8.02234
3.54139
-3.85509
8.66283
-3.94144
-7.79996
-3.57626
7.84124
-0.206546
0.840378
3.1684
-2.49275
7.48425
4.17868
-3.69325
-2.54505
-2.25329
7.34792
5.61978
-3.32311
-5.91204
5.28309
-3.01479
9.44361
-1.62951
6.52818
-7.1757
4.87388
-4.37286
2.44918
4.07843
4.08751
-7.17629
1.37655
-0.358671
7.42337
-1.16429
0.000965118
-7.76583
-9.10866
4.24918
2.77479
-9.28139
0.303696
3.36369
-3.4183
5.26066
-1.7844
6.31708
7.82272
-7.21866
8.14902
1.15376
9.14555
0.322277
3.43113
-5.40156
-2.63124
4.24601
-9.41445
-0.73337
0.643071
3.74778
5.88219
-0.824707
-5.48538
2.43889
-5.67731
1.79461
2.36977
-2.42681
-7.63205
-8.74374
-4.93864
8.72392
-5.32533
-5.50347
-8.84277
-2.40719
-0.268802
-3.00339
2.79733
1.80771
5.18427
-5.09438
5.151
0.916201
8.90815
7.98206
1.682
0.103773
-6.78641
-0.149647
6.93285
0.838099
4.07688
-9.28206
6.62593
2.04131
-1.118
4.56766
-5.77949
-8.53858
-9.23927
-8.92095
-0.678047
-7.8745
5.09904
1.01533
-4.2776
-6.22815
8.96599
2.20797
-9.04533
1.88098
2.25949
-1.69617
0.743567
-3.13566
6.11527
5.3586
-8.8871
7.15145
1.46614
3.27564
-8.67892
-2.5597
3.57014
-5.70817
-3.71491
0.938515
-3.14198
-0.664287
2.92211
4.1876
1.06824
-9.12969
2.26235
-4.03306
-3.61243
-2.88752
-8.1978
8.44777
7.2463
7.775
9.41584
9.05238
-2.39369
3.44587
-3.9905
3.13295
-2.95152
-8.97424
8.97874
-3.57734
3.89051
3.50839
-6.40281
5.07787
-0.971698
7.48588
-2.07644
-3.11391
2.94447
-4.58565
-4.05256
-8.61644
0.484318
-9.40505
-2.38767
7.48244
-4.96437
5.54307
6.41059
-7.85539
8.12114
-4.29643
-1.73557
-4.97373
-5.48088
5.17913
4.83372
-7.16335
1.83675
-0.689257
-2.37627
-7.86071
-5.96823
0.711307
-5.22349
1.06767
3.83968
-7.93282
-9.45899
-0.693425
7.05285
-0.541677
-6.6789
-6.43133
-4.43775
-6.39581
-6.60969
0.0363884
9.19539
-7.06594
-4.70702
-0.404829
5.63969
3.94646
-4.14367
-0.913443
0.888811
-7.74124
7.31395
-4.84526
1.53539
2.47022
9.08642
-0.972679
7.31951
-1.45513
-1.26487
-0.0273542
-1.72377
-0.678913
4.91842
2.27173
6.95252
7.14267
3.93081
-3.18099
2.1195
1.29903
2.0515
7.98394
-9.08234
-4.05675
-1.35361
-3.33111
-2.80506
1.8579
9.44616
-3.37905
8.80593
-7.88851
-1.82054
-3.53795
-7.74491
4.19297
7.61845
-0.940001
-2.74985
1.86375
-7.58508
-8.00205
-1.26281
-2.29072
4.09858
-1.02759
-7.49101
-3.14593
3.58173
2.96242
5.63273
7.46502
7.75131
-8.94209
4.43904
-9.22995
-4.84677
3.36801
8.30011
-8.47015
-8.73831
-5.75788
-1.19708
-0.837201
-0.975968
-6.21224
-2.32158
5.81782
-8.2947
-5.66767
-3.32917
0.644903
3.58171
1.07587
-3.64666
-0.0780945
6.64457
5.73079
1.98787
-2.78717
-0.310877
-2.49904
2.53967
-7.62606
0.389301
1.80865
8.68939
-4.95288
7.27218
-7.62902
9.01549
-8.64189
-5.53696
4.35788
-7.32353
-3.30346
-4.82238
-0.538903
2.23746
-9.1154
2.97577
-9.30789
7.33218
7.44203
-7.92136
1.09396
2.14612
8.21755
-1.63716
6.11016
5.82985
8.91257
-4.57835
9.19201
-7.92313
2.23797
-7.58428
-4.08217
8.65789
4.45239
-2.25438
7.30801
3.56396
4.56782
9.21129
5.24536
-7.99573
-0.726106
-3.02674
3.36406
4.11975
5.63753
-2.13747
1.71102
-4.90057
4.98485
-2.73491
-1.92172
8.22293
2.23059
-4.58656
4.1353
5.43114
-3.9619
-5.42503
-6.19958
4.50793
4.96808
-7.98519
3.82077
-5.93392
7.38266
-4.48801
7.48343
-9.24414
4.75785
-6.32061
0.176853
1.76125
-0.511291
3.66063
-2.67969
-3.31004
-4.23147
3.18478
-2.94729
-4.05271
8.34406
-6.4531
-3.04774
7.63758
4.4207
-5.6703
1.23618
-1.7697
8.2752
-9.42775
6.69169
5.72119
-0.508036
-1.42677
8.86997
-3.98279
-7.79022
6.54521
7.03027
7.05653
4.69332
3.16327
-9.16257
7.93366
-2.59441
6.42875
-4.99249
-7.10388
-9.30808
-0.300282
5.1061
-7.25094
2.52622
-1.95421
9.37153
4.94458
7.73809
1.77656
-5.41087
-8.87749
-5.00779
3.47413
2.93195
-1.41417
-0.672555
1.11423
7.74488
0.334536
-7.0974
7.72676
-5.47969
-1.95626
-1.5969
-8.83171
-0.986248
-1.67618
6.85136
-9.08129
7.10354
4.28083
4.88329
-2.75669
-8.189
-2.31096
-7.94621
0.83043
3.71781
-1.4527
-9.15706
-2.13915
-0.180161
8.40819
-7.91124
-2.48129
7.30439
4.75793
-9.09723
-3.57633
-6.48674
-3.82137
7.9992
0.465599
5.11159
8.28317
-6.70916
4.72827
-0.619619
-7.64835
7.009
-6.47181
3.67851
-2.61249
7.35628
-5.73021
3.46258
-8.88886
-7.74538
6.08566
0.925056
7.11842
2.15081
0.386284
0.868497
-5.83302
-7.29382
-8.93639
5.97783
-0.755039
8.45437
1.28971
-0.249599
-3.74555
-3.69567
1.3021
0.456207
7.55016
9.13192
-5.09271
-6.55064
-3.26065
0.597529
3.13151
-7.67085
-7.34667
2.73257
-8.50749
-4.62407
-1.68097
5.10301
-6.92595
6.22516
-8.92818
-8.55216
0.206713
0.676729
5.99016
-2.6204
-3.81529
9.10283
-6.02403
-8.59975
-1.6577
-8.96785
-0.65959
-1.34857
-1.21168
4.62043
-3.99097
4.38133
-5.74454
-1.1337
8.56493
4.43251
3.96829
8.2631
-2.23963
-4.91219
-5.07232
-3.15732
3.40217
-6.42385
7.53138
5.62694
-6.98446
-7.96754
7.04651
-3.06714
8.26515
-0.11251
6.26968
-6.86636
-3.55961
5.78572
1.53338
-4.91592
-5.90849
-5.65326
-6.59027
2.62061
-8.4849
-3.96042
-8.85386
-0.650892
-9.16703
-1.31851
-3.02371
-3.0256
-3.51005
-4.60959
-6.55668
1.10482
-2.23624
0.0514927
-3.55171
0.301041
-7.76874
-8.58381
5.10061
-3.96538
1.15449
-9.4172
-5.9014
-3.97317
1.81619
1.64619
-4.32962
7.59925
-8.78657
-2.08392
9.0343
4.35744
6.20993
2.91664
-4.57586
-9.18115
-8.65192
-1.41739
1.83174
-7.80491
7.992
7.33129
-3.14678
5.24035
0.500507
-8.39728
-8.15566
-6.49683
1.53459
8.71945
6.95705
-4.58443
-2.46913
-8.64869
1.49185
-1.20639
-3.04508
5.39193
-7.50951
5.0188
-6.40262
1.14088
2.71019
-2.47338
5.55814
8.7317
3.65568
-3.40777
-4.37483
8.55339
-2.43208
-9.45632
9.31645
3.59212
6.02516
0.956763
-7.36878
8.9312
-5.22689
0.941478
-8.69505
1.76531
-4.01875
1.80926
-6.33416
6.50902
5.3871
7.31754
-2.70936
-2.86114
0.371939
-4.73673
2.52788
5.47629
7.53707
-1.93349
-5.32158
-3.30713
-4.1718
-5.79116
0.85507
2.47634
0.819
7.65444
8.06817
-1.9685
0.863359
-6.41484
-4.6709
-3.13941
5.84269
2.16855
-7.40223
1.18079
7.36354
7.92002
6.10748
4.46079
-4.96387
6.90852
-3.30148
-3.63759
1.16312
-0.654878
4.55767
2.95082
-4.29107
-4.41237
-6.02544
2.27935
1.16979
2.29094
5.31332
0.73958
3.41708
-2.27823
1.471
1.61304
-7.74529
2.75489
-5.14664
-8.7063
-4.01842
-4.48047
8.09406
0.753695
-8.8177
0.494186
8.93137
4.37887
-3.49028
-6.27996
1.87854
-7.31339
3.93838
-7.02405
-3.11396
5.92444
6.73314
1.14015
-7.72318
0.667066
-6.61288
8.05849
4.08165
-1.02837
8.28722
8.71412
8.66641
4.79918
-5.80023
1.39652
-7.95521
-6.04656
-1.23507
3.60513
6.98742
-4.56655
-5.00328
-5.64368
3.4497
5.62752
-3.97598
5.5069
4.34501
-3.15326
4.15169
-5.27593
1.91589
-8.78808
-0.327385
-3.72642
-0.507418
-1.40034
3.65263
1.19116
3.24207
6.30418
-4.71602
-1.79068
3.75913
2.58259
4.3046
6.56339
-2.53583
-9.17059
-6.01605
-3.08414
7.73289
6.41882
-5.66349
-9.33435
-5.17485
-3.67246
-2.38097
-7.76015
7.3001
-0.711023
2.12909
-6.37233
6.73005
-4.2424
-8.91184
9.16144
4.87599
-4.88305
-8.92348
2.51148
-8.05907
-8.49134
7.11352
0.845733
6.65
-2.67446
-2.1107
-0.788164
6.57362
-3.51556
1.87123
-3.00875
-6.11419
-8.46622
1.93954
0.241947
-8.94956
-1.13279
-5.35626
-8.54089
-4.26602
-7.77114
-0.51767
-6.18019
-2.95216
5.97632
-3.04197
-0.307597
6.75147
1.84318
-6.39431
7.28055
-8.83705
3.0321
-7.09572
2.52393
-9.14333
5.99122
8.47985
0.0397854
0.438719
-2.15834
5.50821
-8.23003
8.93653
-1.26038
-2.85757
0.293034
-8.32738
-0.676682
-6.95018
1.49157
0.57633
-3.78655
5.27923
8.4838
-9.43411
2.42074
-4.70742
-7.6193
-1.00197
-2.88233
-5.55507
8.08339
-3.59934
8.38624
-0.772994
-5.10799
-8.69112
-8.72697
-9.39305
-4.61694
5.01648
5.74146
7.64084
5.7901
-3.51519
-2.27022
9.12076
0.777704
5.0786
-6.21177
2.97557
-5.18191
-2.27258
-3.3898
-9.12321
-2.90885
-6.72385
6.1662
1.2962
-7.35357
0.0120049
8.76473
-0.90615
-8.52193
-2.38578
3.20002
-1.96384
-7.36654
-6.32866
6.99802
-7.97212
4.24114
5.06498
5.9543
1.13555
7.27198
-0.326483
0.84008
7.31851
3.5226
-6.53779
1.28472
4.60979
0.794119
-3.06192
4.38827
-6.42949
6.56161
-4.9384
4.93546
-2.14359
-2.78021
-2.51749
7.57273
-5.50974
8.7558
-8.38405
3.44257
-8.93118
-4.92333
0.095789
4.75075
-0.192488
-1.62764
-7.21768
7.2027
-2.0832
-0.664786
-1.03922
-3.3172
8.00327
5.47913
5.84495
9.08278
-5.44515
-7.15513
0.617952
-4.93682
4.52506
-5.961
-3.31164
7.84118
-0.899813
-0.0374184
7.90463
-4.6502
-8.01034
4.6712
3.61116
-4.14989
-4.74817
-2.32673
-0.131663
2.58089
-5.35981
-2.71844
4.9184
-2.99466
-4.15087
4.52229
7.50335
-5.69532
0.943798
-2.7677
4.37186
3.26197
-7.20086
-5.75654
7.03765
4.64928
1.36501
1.88291
3.58625
5.33827
-8.5142
-2.01936
-7.85281
1.1637
0.20115
-0.115108
0.880128
-3.38185
-3.72283
-0.940711
-2.36598
-0.519398
7.24897
4.97104
-7.43323
7.72393
5.23699
7.80494
-2.71638
0.0111542
0.836693
1.84302
-2.5091
-5.38913
8.34641
-2.42036
-5.2504
-6.43661
-7.32769
0.174942
-6.65256
-4.57862
5.62232
-0.0121059
3.37193
-1.63236
-5.28505
-8.13668
0.865616
0.888372
4.27157
5.33585
8.74691
9.12228
5.91746
6.40506
-3.24421
2.62349
8.08451
-0.156565
-4.74294
1.18958
-2.13351
6.56334
7.67041
-7.71088
-1.33012
1.01441
7.08938
-3.80323
7.94105
-3.77674
-8.56836
-2.518
4.27777
-3.67305
-2.47745
2.94831
-2.74231
8.19922
6.27346
-6.28028
6.1455
2.09762
-5.34574
-8.83748
-3.93577
-3.05577
-5.88402
-3.71472
-3.31065
-5.36362
-7.4325
9.40486
2.82212
-4.24724
-3.18229
-4.9214
0.281582
-4.69453
-2.7851
-4.18663
-0.937847
-3.17465
3.9796
-6.37894
9.25535
4.88085
-4.15788
1.64804
1.88978
-2.24017
-3.12672
-8.32931
0.0146542
2.0907
3.44416
0.508676
0.661669
5.68444
0.444659
-4.68979
1.52286
4.47676
2.06931
-4.92597
2.66757
-5.40017
3.72089
4.5946
-0.328632
-2.24552
-0.102462
-5.33868
-2.10085
5.39881
-4.37068
-7.4071
6.24211
7.52777
0.609561
-1.93913
2.87756
1.89992
-1.05318
-6.79021
1.7508
-6.026
-0.836592
6.85609
-9.14043
6.48456
-7.86954
-5.81248
-7.75795
1.91062
-1.939
7.57753
-3.54454
7.09636
1.75159
-0.294335
7.97756
-1.03442
7.05412
3.53958
-0.531377
-7.04308
-1.36676
6.90694
6.65518
-5.08354
8.02059
-8.68311
-6.91683
0.687184
7.88217
-6.64593
7.9438
-8.35017
2.44807
6.56977
9.4743
7.77556
6.36331
7.54137
-3.15571
-5.84392
-7.2837
-6.49199
-5.24033
-3.52144
-6.6987
0.1159
2.73515
6.83069
-0.96301
-5.09116
-7.9133
-4.56338
-8.31941
-8.91396
-6.62172
0.467264
1.22891
0.841429
-4.92578
0.279593
-2.357
0.0188217
-8.28347
-2.11725
-0.938889
7.33188
-5.45527
7.39058
-1.76514
0.622217
-6.92933
8.03531
-1.17019
1.54986
-9.08109
-3.78032
-3.00177
2.29604
8.68973
-2.32741
2.50496
8.79011
8.44264
-1.62783
8.63811
0.154341
-4.25756
-1.01826
1.29919
3.68164
-6.84418
-2.16247
-8.39633
6.80902
-7.45112
-8.50643
-1.63604
-0.998934
9.02454
-4.60872
-2.65494
9.33922
4.90462
0.862336
2.92218
-8.64825
-0.529982
-2.71302
2.23167
5.59301
1.17484
-7.61578
-3.45913
-8.18209
-3.82426
-3.69482
-2.19278
8.53582
5.83886
2.68771
2.21772
-1.56324
-0.659448
-3.89708
-7.57313
-7.37471
8.52721
3.40776
4.31598
-3.95782
-5.6902
9.07165
4.72996
6.03222
1.59535
-2.80351
-4.11184
7.46264
2.53741
-5.86571
8.67163
5.89701
8.75702
-4.16059
-6.17977
1.21378
-3.32326
-7.89046
-0.889532
-1.91827
1.40317
-7.66425
-1.24469
9.45166
-6.48572
0.431658
1.11089
-8.64951
-2.16977
-2.90048
-1.93741
-5.01224
6.48521
-6.12297
0.405188
8.53683
-5.854
-7.678
0.898743
-4.20907
3.82432
-4.58873
-2.04185
2.28551
-1.16608
8.58024
1.3715
-0.113927
7.73747
4.51763
-3.12801
4.78479
8.61329
2.18376
6.7983
-0.481922
-8.81711
5.45106
2.53389
-0.0634756
-4.99015
-3.31306
0.974037
8.15804
-5.00408
0.594975
-0.484703
-0.361359
-4.04452
-3.36118
-2.16952
-5.03666
0.541783
-2.46518
-1.00492
0.794767
-1.31938
-2.34141
-5.34464
8.01977
9.11964
3.36461
-9.18451
5.96349
8.74235
-9.38437
-3.01642
-7.6278
5.94777
7.29654
-1.04235
-6.09602
-2.4364
3.91348
9.17017
0.241959
0.862737
-4.49394
-7.548
6.49841
4.27213
-4.58577
-3.85111
-0.188704
-4.00961
-8.88216
5.38519
8.45371
4.26482
-7.66821
0.158664
5.56423
8.26175
0.626489
-2.80802
0.149324
-6.32253
8.10844
6.92556
3.27178
-3.31132
2.81031
-6.92893
1.37255
-1.1121
-8.15734
6.01936
8.47718
4.99486
7.81936
-2.86674
-9.29226
1.32318
3.16144
8.98458
-8.076
-5.37643
9.39153
-2.99912
2.55803
8.64108
7.30135
-6.67956
-7.21258
7.4404
-7.36338
5.16239
5.78143
8.55475
-1.82605
-0.309773
-6.60551
-2.17473
3.41561
3.00928
5.98006
-6.98683
8.60171
4.06594
2.17437
0.446268
4.71784
-1.25848
-5.76388
-7.0736
-2.17597
-1.63131
2.26541
-7.42843
1.83544
-0.158929
5.11028
-5.17971
6.5277
-2.36703
5.93814
6.44273
1.92
3.19909
4.14649
3.80785
2.06118
-4.22539
3.55841
4.06152
5.83099
-2.1904
-7.99917
6.18537
1.02502
-2.28695
2.65201
5.78917
2.10408
-1.23098
1.77356
-1.50815
-7.11019
0.725809
-3.54404
7.2119
-2.79193
8.60286
-1.15345
5.51696
7.09564
6.19264
4.27505
6.54615
-8.42118
0.544382
8.68435
-8.41041
-4.75566
5.96695
-7.68889
-8.33102
-3.43154
0.541859
-2.92488
7.38515
5.24957
-8.96395
9.24648
0.180768
0.61666
-8.14609
8.27527
-0.445509
7.41724
-6.52311
-8.261
-3.92888
-8.34375
2.08189
-8.89008
2.97271
-5.84016
3.7264
1.32448
-6.79428
6.54932
5.72321
9.36404
-8.94541
7.12614
6.85969
1.60772
-0.349736
7.55734
1.02107
2.90616
-7.25076
-0.478481
0.97562
-2.7479
4.20823
-5.67394
7.35985
-6.92812
-8.79196
-6.60471
-8.09334
6.50538
-6.19426
-0.00594711
-7.29265
-6.65554
-3.18299
-5.04389
-8.15498
-8.40216
-0.90422
-0.138821
7.37213
2.36569
1.39594
-1.19346
-8.84639
5.42776
-0.675815
-6.10904
0.363978
-3.01128
-5.22292
4.48443
5.00481
-4.66739
5.74788
-8.74179
-8.71508
-6.12545
-7.26924
-9.41783
-4.70662
5.03202
4.14503
-2.71379
-0.369052
-6.89133
-9.21705
7.89375
-7.02053
-1.17969
-8.2448
-4.72117
-7.21391
8.31085
1.89395
9.37819
8.22181
-4.15104
8.03224
-0.112064
2.17488
-8.9949
6.78646
-6.28974
-1.77775
5.71201
1.09522
-8.48933
-8.13364
3.01031
4.76778
6.74013
-8.34053
0.661362
9.4147
2.90487
-5.59563
-5.38848
-3.8723
8.82162
-7.41811
-8.957
-8.06746
-3.17569
-2.44683
-0.499658
-7.00206
-8.01692
2.51796
6.95298
-3.08187
-2.22562
0.71906
-3.57226
-4.05154
3.13566
-4.93939
6.3372
-0.0985327
4.72266
5.92692
3.63984
3.62342
-7.78247
-9.26006
4.87541
8.87059
-7.30992
-0.336555
7.59183
6.51457
-0.714993
0.353743
7.07755
-8.27174
-7.87042
-3.65968
-8.50693
9.43314
0.74733
0.570115
3.87208
4.43698
-0.914069
8.25958
-4.04216
2.01654
1.55225
-7.40776
-1.3678
-2.9733
4.70964
2.35827
-3.89806
-5.02793
2.72352
-0.0677509
-7.62033
9.18931
-5.38132
-1.81617
-4.27069
3.01659
-1.2272
1.69259
1.77405
-7.74065
8.80537
-2.76208
-7.37841
-2.87805
3.98378
-4.3595
1.45841
5.23769
3.56041
6.96812
-3.49221
-1.77421
-5.3974
-5.86784
2.16106
-2.81458
1.33152
2.16
4.80826
-5.25376
-0.859712
-9.04907
4.4105
1.84933
-4.3409
-7.36387
7.18953
3.66968
8.13836
-3.45501
0.662093
-2.07665
-5.15122
-4.0809
-0.421047
-1.97431
-5.84008
7.9886
-4.92752
-0.600995
3.9094
4.4769
5.93912
-1.56583
-7.91486
-8.81089
-5.43338
-7.30343
5.63291
0.677914
-0.340699
5.74175
-8.8602
-0.171531
7.37805
3.9209
-4.18399
8.86654
-8.98695
-5.76077
-3.60302
3.10668
1.46624
-8.55068
-2.58897
2.31102
0.83084
0.889554
-8.21688
8.18292
0.448627
-9.49838
-2.48338
6.61588
-5.38714
7.1842
3.97647
3.52279
5.74959
-2.44698
8.00415
6.11336
0.354502
-0.38827
7.05765
-9.35875
5.31873
6.82144
-7.34246
4.59121
6.45019
-5.01006
-4.14755
9.44654
-5.76396
-3.6556
8.24588
0.681262
-4.48665
-7.19019
-6.33256
3.06858
-7.60668
0.0340643
-4.10403
-3.36464
9.20335
-7.20679
1.2208
3.13651
-4.90627
-5.22979
5.14029
1.43917
-2.78873
3.36526
-0.201388
2.50515
3.85924
-6.25636
1.36599
-4.26205
5.67446
2.05347
-7.30775
1.37528
-5.5963
-4.5618
7.92106
1.89481
3.28869
4.68564
1.43746
-5.80503
-0.960529
4.47546
-7.00775
-3.66292
0.91811
1.86941
-3.13814
-4.89216
-2.11193
4.31521
-8.5237
7.54572
1.68297
-3.00934
-0.919588
6.30835
-4.97136
-5.55318
-0.480154
3.17116
-6.39126
7.65658
-9.15789
7.83113
-9.02736
5.23217
-8.87514
-4.89644
6.74312
8.96626
-7.92287
-8.75898
-7.49893
-5.99618
6.99652
-3.3514
8.23421
-5.31915
6.27697
-8.60526
5.76798
1.75223
3.82518
2.96577
4.31888
-1.93395
-7.85133
-8.75226
-7.41197
-6.67253
8.84951
3.54181
-9.36198
-3.95767
-2.9316
8.65967
-3.04782
-6.29207
8.90725
3.5688
1.7166
-1.21397
2.20197
-1.72198
-5.97337
-5.09308
0.657887
-2.61279
-2.42231
-7.36496
7.29199
6.64927
0.364576
7.67362
-1.21735
-4.43177
-6.74452
-2.39756
2.56021
-3.38152
-6.992
4.15527
7.07033
0.366104
5.99809
0.885395
-7.41164
4.29001
-6.90882
6.88632
-8.64615
-0.557491
-2.11742
2.92542
-0.628203
-3.97355
-0.400703
-2.25519
2.96655
4.35773
-3.83513
-1.49215
-9.38863
-8.87011
-2.15128
-3.42544
-2.38265
-9.14156
-1.04181
6.47618
3.7573
8.08142
-3.95912
-5.54355
4.56234
-7.10005
-1.53565
-4.52345
1.57967
-5.61345
-3.49177
5.47522
0.451058
-7.70856
-1.94064
4.35872
-2.66026
-7.79395
-0.563513
-5.02774
-1.38268
0.321133
-0.250312
-3.85503
-8.90219
9.38122
-1.88038
7.05355
-5.91104
-2.89684
-2.3227
6.91912
-2.58579
9.0274
5.328
0.125399
1.24933
9.21392
-1.07643
3.18473
3.45159
5.61387
-0.416736
-0.311135
-5.82109
2.27761
2.09924
1.0881
5.54498
-7.45459
1.49378
-8.05926
-3.85812
-0.69716
-2.0925
-0.435116
-3.7616
6.40871
4.87326
7.88304
1.38754
-7.76038
5.38723
2.6029
8.57977
7.58871
-4.59205
-5.95175
-0.354025
6.83682
2.76129
7.85632
1.57374
7.40853
-5.56681
-3.02126
7.04034
-2.26539
1.459
5.76375
-4.604
1.04592
5.6758
-2.67271
0.670345
7.53411
-9.07704
-4.79463
4.5908
-4.26881
7.59587
-7.96305
7.27738
7.08451
-8.44557
-0.158648
-4.55116
-4.89228
1.85797
0.292959
7.61862
-5.2276
-7.23028
-5.82496
-4.92306
6.3845
-7.38384
-1.80698
-1.37008
-2.75821
6.69788
9.35854
3.81526
4.24061
3.74483
1.93529
0.400809
-1.505
2.06553
-5.51792
6.24475
-3.12852
-3.00823
-2.05271
-5.18806
4.09296
-2.12029
-6.68458
-5.33199
-4.19682
-0.58474
2.44348
4.39192
8.99701
2.95904
-1.20448
4.89502
1.9319
6.13014
-8.49343
-7.91176
9.21099
-4.95178
1.31957
-8.43387
-7.9993
-5.41451
5.8049
4.79026
-6.47828
-8.65676
-0.607752
4.78606
3.08673
5.14124
1.71434
-8.09696
-1.26701
-5.55704
-4.23595
-0.804337
-8.5966
-9.09275
-0.39901
-4.12106
6.53638
-5.78064
-4.11977
-7.76137
1.8994
8.25096
-5.12169
-9.2463
-2.96349
-9.42279
1.64033
-6.84991
4.77344
-0.762611
-1.51369
5.31866
6.34513
6.84412
7.28922
2.53674
-7.45404
-7.47587
-0.640257
-1.50367
3.18038
-0.431367
8.85771
7.5341
-6.92236
3.71439
-5.81063
8.00654
9.30203
7.01877
-4.85235
-0.89646
-2.74497
3.78063
6.97602
-8.55186
-5.40039
4.48221
4.8345
-2.89997
8.75512
-9.49754
5.64985
7.06414
-9.07374
8.69677
7.63242
5.14616
9.43842
-8.8469
6.90014
5.73008
3.42996
-0.411545
-4.36345
6.39122
-2.38784
-5.10542
-8.65086
4.00214
2.52332
-6.91515
-4.25741
-9.22106
-0.00934505
4.0251
-2.9264
-6.0494
1.93814
-3.24702
0.873546
-5.37429
9.04144
-8.41103
-3.97923
8.36183
-5.2606
0.505825
-4.31538
3.12473
-2.20622
9.09589
-9.24611
1.52944
2.63363
-8.97862
2.64755
9.2753
1.62195
-8.42559
6.18681
-8.61709
1.67679
7.9774
-7.25719
1.95135
-9.36144
-5.11482
-4.60273
0.450411
-8.97401
4.78695
-8.83443
-8.66958
6.29759
8.81575
-5.79014
-5.25197
5.29406
-2.04157
-0.670464
-9.23501
1.73353
1.76658
4.31336
3.06081
-2.47997
-4.53833
1.84734
-3.63233
9.43975
-8.84438
2.76479
1.67862
-6.30491
-0.679785
5.22288
-1.00632
-8.6994
-5.40741
-5.28572
-2.99688
-9.03694
1.9352
-0.486452
7.90826
5.56274
-2.88115
1.39627
-1.75048
4.45969
0.801689
0.428804
-5.78637
-2.28374
-7.07853
-9.08116
-7.39352
-1.22495
-0.787374
-4.08337
-1.04223
7.79394
-1.27928
-3.10944
-0.0933084
-5.19639
2.81068
-8.98382
7.82346
2.95748
3.86224
-9.37581
0.105633
-9.0741
6.9577
7.50163
-4.03971
-6.05815
-6.80741
4.20109
4.55692
4.50668
-1.97805
-2.10546
9.4605
-5.41229
6.41597
5.96004
5.04872
-7.45614
-3.24194
-3.73216
-4.41927
3.09566
8.78652
-3.52704
-6.8748
2.65388
5.21951
5.90844
-7.54651
8.15708
-1.24559
-0.491365
-9.25357
-1.74609
-3.03339
6.4747
3.61646
0.620426
7.1727
1.46089
-7.1164
-0.893082
8.31588
0.66052
-0.937383
7.17391
4.93895
4.83795
-5.0654
7.02749
3.31962
0.979657
-6.95307
-8.96656
-1.54974
4.12371
9.17473
0.125891
4.79104
3.96358
-7.57509
-0.942179
8.33315
9.06742
5.40172
-3.9954
6.32709
4.53374
1.30991
-0.145149
4.31785
-1.33575
-3.47981
-2.69105
1.62125
-9.42821
-3.00329
4.6715
4.26559
6.4546
-0.678289
2.13879
3.97234
-3.93476
1.02322
2.73393
8.18479
8.02717
-6.60443
5.22759
0.32749
-7.1277
-1.71156
5.0722
7.40807
-8.48212
-7.48485
-2.6386
5.65031
-5.22233
-1.84386
-5.78306
5.47567
1.83466
1.89253
-7.1614
-0.713451
-2.781
-7.15121
3.81801
-3.01335
9.48914
2.82064
-2.2253
-8.18702
5.10991
-7.72823
-1.72597
-8.83132
-7.61342
8.00633
-1.96978
1.89678
-8.88802
8.17729
-7.95205
-7.55331
2.80588
2.46692
-3.84776
-9.35122
8.16241
-7.46955
-0.910637
4.15436
-8.91848
8.77611
8.6931
-2.01327
0.373102
5.60965
-9.34519
7.79785
5.65339
5.23106
-2.63057
-8.56496
-8.53937
-2.06527
9.27069
7.79956
-8.00545
7.93489
-4.96438
-8.57131
6.35504
8.58771
-4.8851
-6.18311
4.83218
4.5841
6.80945
8.66041
7.36884
3.88506
5.61139
4.68633
-5.98643
8.29358
-5.54209
6.76061
1.90772
9.43117
-7.35619
4.77256
6.46497
3.24704
-0.147914
-8.27949
-2.74459
5.42177
4.93783
4.56296
-1.51547
2.95368
-1.99632
1.58981
5.63602
-0.317406
1.46152
-8.00941
-8.72707
5.32444
5.57983
-5.47841
0.436945
-1.50542
2.19035
1.16255
-6.72877
6.98597
-3.84996
9.10139
-6.63224
1.06034
-3.43527
8.95626
4.66648
5.92316
-1.10091
5.63907
-7.18601
1.86414
-1.75255
7.18841
1.33984
-0.116004
2.73484
8.40069
6.52627
6.30125
-5.19222
8.04957
3.7685
2.25672
4.56087
6.38245
-5.79775
7.39053
-3.9666
8.56237
-6.56203
6.86173
0.596786
9.1956
-5.41925
9.12244
7.71025
-2.26926
-1.93876
5.14192
5.77037
-0.926411
-9.26518
-8.10872
1.02439
0.594398
-2.8321
-8.72588
-1.91078
0.366887
-1.51482
-3.6544
6.20338
0.475463
2.06082
0.689467
9.40674
6.2414
0.721475
-3.37274
5.15191
-7.49294
-7.7191
7.80795
8.60268
-3.01799
-4.71636
-4.2243
4.53069
-7.99506
8.97093
6.64444
-7.29031
-7.52189
-1.31821
-6.86789
4.05605
-8.21487
-2.89697
-6.25338
0.577576
7.27042
-5.21063
4.1898
7.02126
-1.79401
-1.62695
-8.96838
-1.51882
-9.09774
-3.32448
-7.71954
2.91084
5.05734
-0.86625
-3.35898
-2.80779
-4.23731
-3.58357
0.565742
-0.599936
7.43484
4.15539
6.56742
-7.7138
-7.53707
2.96669
7.36698
-3.16013
4.96984
8.855
-0.402652
5.64288
0.63301
7.67662
6.10866
-5.34477
-1.73214
-7.84565
-0.710135
-1.74894
-2.07059
7.78577
-0.373957
-1.19863
-2.45385
3.09874
4.41249
-0.602347
-6.23518
8.90628
2.54956
-4.73324
7.90492
-0.175062
-6.47243
1.77402
2.52363
4.06894
-0.118889
-5.19588
-3.2884
9.46008
-8.72395
1.45549
-2.64353
7.60337
1.27887
1.41737
-4.81735
6.11977
-5.40855
9.03128
1.80381
7.45241
2.89119
0.80971
4.64043
-4.51857
2.2681
3.65918
-5.11404
2.92146
9.49472
5.81039
-3.94702
8.55874
3.59666
4.46472
8.83911
7.36019
-8.74253
-0.747149
3.18886
-5.78558
4.02303
4.86648
9.37323
-1.40707
4.95099
9.11238
-6.41631
8.11064
-3.89914
1.08531
4.28477
-0.507487
3.73867
-0.128494
4.62372
0.718583
6.47631
7.95334
-6.07024
3.83733
-3.30558
-9.18937
-5.82682
-9.03072
6.17011
2.59743
0.396438
5.53824
-5.83752
-4.73258
6.34863
-6.67945
6.96638
-2.37543
-1.54917
-0.327041
0.255705
2.39767
-0.810766
0.546274
-0.671611
0.984295
5.34754
7.81656
-2.38867
-9.39906
6.76114
3.76714
5.34434
6.18346
1.63807
0.860373
-0.707699
-8.2017
6.80922
-6.79099
-2.94668
-9.26659
-8.47377
-6.54356
2.49161
-8.37529
3.63846
6.05454
-8.01365
6.26109
9.21258
6.10476
-5.96507
3.35544
-7.19036
8.33496
2.10104
0.323463
-3.99295
-1.08278
-6.4603
-6.24971
-0.022356
2.76903
6.63305
-6.25814
1.60561
-8.96624
2.81757
-9.23286
-4.69473
5.08921
4.56423
3.3739
4.90999
7.90473
2.09487
8.51534
2.64803
-4.5944
-6.89502
-2.64862
5.69895
-5.34884
-8.48006
1.65756
-3.73524
8.13754
0.753202
8.93293
4.63954
-5.67652
-1.19307
4.12318
-7.97431
-6.64001
1.93875
7.76221
-2.42453
-7.99179
-3.89263
-4.02019
-0.898031
5.75634
-7.6038
-5.12744
7.13029
-0.441505
7.71373
-9.09017
-0.883513
-7.43133
-0.561511
-3.83915
-0.622834
6.51311
2.08998
6.85654
-7.33467
-3.30177
-4.26716
4.44603
-5.84862
-0.607693
-1.79556
-7.89489
-0.910369
8.57562
-3.16075
7.63095
-2.64181
3.41541
6.2166
-0.180851
-4.61436
-8.56544
5.18753
-5.25396
-7.21215
-8.9651
1.20001
6.37523
8.93384
-5.13563
-7.85629
1.05229
-7.75392
0.180396
0.183716
-2.38278
5.3977
-1.01133
3.9772
8.62731
-2.44054
-4.86337
-2.85082
-9.36474
6.68987
-5.14799
8.95644
1.00118
0.598435
-3.34934
-2.32982
6.58137
-0.625958
0.21534
-4.42933
7.82866
-8.29051
4.77777
-8.10109
8.15156
-2.89941
7.52472
8.03597
5.19718
-2.8557
4.63054
7.48718
-7.63668
-8.22952
4.86257
0.35346
8.04846
0.122831
-9.07837
-1.76073
0.61051
-7.92325
6.66113
-1.25288
8.44191
8.61992
4.58956
-7.20969
3.5619
-6.2988
0.34411
4.57589
2.48868
5.97313
8.15501
8.16259
6.14596
1.70099
0.287361
0.51696
1.30414
-8.76303
0.960155
-1.2186
-3.31218
-8.22879
-8.34034
-5.92114
7.35908
5.68266
-8.21423
6.48905
-9.24504
2.51959
8.51095
5.91924
6.34383
4.68113
-7.90563
-1.39175
-1.77775
0.0458965
-5.36066
-2.48531
6.35864
0.591921
7.0426
6.07613
5.27101
-1.16013
1.63228
-6.40295
-8.08468
5.28009
-8.25928
2.79188
4.26779
6.96253
-9.09444
0.556926
1.46557
8.57845
-4.60292
6.13743
-2.36858
8.99607
5.74581
-0.493344
-5.07892
4.91424
-8.78966
-9.44928
-1.91084
-1.58521
0.834427
-3.42875
-0.158298
2.92011
-3.79471
3.74883
1.78001
-3.88725
-9.47946
2.53404
-1.25322
-5.3832
4.7996
-3.18924
-8.29931
-7.81388
-8.73647
-9.2743
5.76602
4.73518
2.13235
9.00949
4.9648
-2.67679
2.28757
2.09426
1.77916
6.18114
-6.96225
-8.48876
1.62831
0.694438
-3.2079
2.87867
-8.92811
-4.66838
-1.62347
-6.02346
-0.166285
-3.84614
0.351185
3.33723
7.15239
2.12573
7.77148
0.67361
-5.28058
1.33068
-7.90368
0.347456
-2.55625
-3.82742
-7.60892
-2.50891
7.61917
0.879936
1.23121
-4.19513
-7.9324
6.84843
0.489237
8.64952
1.61889
4.16699
1.21868
2.19182
3.03103
3.39756
-6.87217
8.36439
-8.02686
-5.33262
7.97919
-4.29138
-3.42593
-8.88636
8.88322
-9.491
7.71012
4.66096
-0.881049
-5.51516
-1.78589
3.53325
-8.37956
6.1741
-6.7156
3.02281
1.55006
6.66018
-0.760296
1.41874
-1.40639
-8.5236
9.0308
0.946547
3.11186
1.12831
-4.26085
-7.84851
9.03658
6.06654
4.42892
1.65627
3.90598
-8.34606
-6.14016
2.8944
-7.79847
5.70801
-5.03386
-5.25203
-4.18479
-5.2769
-1.37496
3.4676
2.31049
3.96358
2.71839
1.01525
-2.555
6.00702
8.28044
0.878864
8.36958
-8.67543
1.50312
2.92227
-2.21022
8.74089
1.97217
8.88808
-9.42596
9.06288
-7.86461
5.49894
6.15441
-0.142564
7.02595
-7.33989
2.41181
-5.6018
4.29138
7.3577
-7.44676
-0.408051
-1.19694
9.21596
-2.93816
-9.03362
-5.21328
-2.66037
0.244693
-2.0256
-4.57591
-4.37883
-5.20226
-4.01316
-2.66015
-8.82972
9.44312
-5.5815
9.24225
7.62327
-8.08671
5.50132
5.05497
-2.35886
2.5703
-3.74994
-6.70201
-1.78914
0.136918
2.62937
-4.5562
-7.93058
3.49675
-2.38423
6.53159
-7.88995
-4.04197
6.88622
-4.63327
1.45815
-2.352
-7.33541
-5.95902
1.40956
-5.8913
-1.25716
-3.28435
-2.99655
5.62244
8.22265
5.12159
-2.51631
0.176736
-8.53567
-5.53279
6.39103
7.10236
3.23411
4.9067
2.81549
-4.55482
3.5171
5.21883
2.57458
3.8512
-2.96954
-6.84877
-4.54979
-6.1465
-5.49684
-0.574469
7.68702
7.35559
-6.3821
3.63378
-8.79076
-0.370151
-1.84833
-8.17637
6.24333
2.27558
-2.48303
1.15502
7.08493
-0.242619
-4.40627
-4.70642
-2.2471
8.27471
-3.92175
-4.6098
0.108981
6.23278
6.06792
-4.25314
-7.67443
-5.52743
-4.71605
4.06114
-4.55652
-7.51427
1.86916
-3.29333
-1.4158
-3.5719
-2.98517
-8.81177
-7.11061
-4.40035
-8.09992
5.60784
1.62973
-7.77464
-6.04367
-1.88959
2.4904
5.44756
-3.11721
1.98199
8.00615
-0.152038
-7.75556
6.45053
-8.6264
-5.82661
0.457705
-0.549788
-9.17465
7.39415
-0.767958
7.29501
-0.91839
-1.28865
7.48868
-4.08812
-5.649
-5.58741
-5.27873
-1.69438
-2.13797
1.16238
5.14072
-4.92598
1.52107
-4.71408
-9.49713
6.3464
-2.34879
-1.22285
7.86798
-9.47341
-0.275257
7.76822
-3.41196
1.12439
0.886432
8.14484
-1.48408
7.00422
-0.953249
-9.11825
-6.07816
-8.18646
-4.11127
-7.72923
-4.37464
-4.33075
4.23244
7.92239
-7.41716
5.59612
-3.52468
-1.63228
0.107437
-9.08478
7.78242
-3.27174
-7.58972
9.37935
-1.76955
-5.27995
-4.24466
-3.05501
2.36505
4.96626
-7.63987
-9.43848
6.96365
-5.30177
-9.39238
6.07733
-5.95653
-2.30105
-5.26999
-3.87027
-7.1917
0.473128
-4.73677
0.799347
-8.32893
2.36909
-7.97018
6.51358
0.10615
8.15453
-8.35983
4.47192
6.85553
7.33694
2.81861
0.166835
-7.17034
3.74095
2.32705
-6.86456
-8.91509
6.77021
4.74608
-8.56255
-5.25267
-7.24357
-1.93031
-3.05938
6.44812
2.98802
8.07364
-6.22149
2.83902
-5.24245
-3.43703
-4.9181
0.990405
-7.57128
-0.00581551
3.3588
8.95218
7.40687
-1.4864
8.66917
-4.11881
9.20607
-7.19635
6.4812
-0.897768
7.26587
-1.91754
4.33454
-7.99688
-0.54908
-7.6074
5.66133
1.47444
-1.45128
2.28016
-6.53767
-4.93135
7.25527
-1.07229
-6.88704
5.70223
4.44986
-8.2934
4.36549
1.81489
3.39614
8.10288
-9.45557
-5.14137
-6.658
-6.47694
-1.37498
3.07032
0.141564
2.2378
-1.8084
-5.55005
7.9768
9.09444
7.31407
-0.899612
8.38555
5.58079
-1.97687
7.57821
-1.26254
2.08352
-6.19421
-6.46602
2.26135
4.63885
4.14048
-7.41956
-5.35738
-7.83525
8.88409
-8.04184
8.18495
9.40834
-8.47253
-8.03362
-0.0464287
1.94482
8.37123
-4.24324
-9.12927
4.12891
-0.942244
5.132
-8.20029
-1.03195
1.49132
3.73916
-7.08384
9.04546
6.93199
8.93245
-7.24161
-5.6444
-2.06374
-1.08924
-4.57846
2.25817
-8.1888
-4.2982
-8.59373
-2.63122
-8.17715
-6.20275
6.37456
-0.378458
1.84173
-7.81665
-4.14233
-6.88473
4.35728
5.0657
4.25811
4.62976
6.55313
-8.80839
-6.80692
8.64563
9.36714
-0.365061
-2.63207
9.01873
-5.22375
6.47875
6.71885
5.72205
-7.61643
-4.93676
-3.19557
9.28708
9.36685
8.80919
7.51498
8.84146
-6.59885
-2.06541
-5.96046
-5.48168
-4.79925
9.24632
8.44383
1.27461
-9.43342
-3.92492
-7.66617
-6.93938
-3.00128
-1.11836
1.57522
7.3382
3.43947
7.33071
-6.53826
4.31567
9.28161
2.8154
4.73592
3.71813
-6.22524
6.91855
-7.61209
3.29714
0.816122
0.252504
5.09996
8.48489
0.129647
-8.77478
1.59014
-1.67225
0.423156
-2.3118
-7.77117
0.0386257
0.643767
-6.93535
4.77946
-3.88032
6.27212
2.62266
-0.240927
0.572616
6.3437
-3.47481
3.03451
-4.18541
-7.89257
-7.87096
-0.343388
-5.40579
-5.75872
-5.59437
1.58061
1.45819
2.32398
-5.80643
-9.20426
5.79752
7.95079
-7.7588
2.24751
-7.58445
2.27312
6.21539
7.0178
-0.596637
7.6493
-0.0619202
-7.10764
3.5542
-8.88877
-5.68599
-9.03973
4.81369
-7.65535
5.53399
-7.22027
1.43388
-5.39363
-2.24496
-1.72971
0.222563
-6.65051
-7.5773
-2.00175
1.25362
4.57708
-4.36728
2.31126
1.51389
9.11625
0.143848
0.597044
-4.65322
5.05729
-5.21308
5.72998
3.98956
-4.9599
-8.31339
4.30009
-1.49238
7.38564
-4.20111
5.30704
-5.2121
8.1459
2.83063
-0.275069
9.06202
-9.03483
-7.35173
2.94468
6.94255
-6.0179
6.76057
-3.36995
-6.15687
-6.76852
6.36038
-6.43723
4.34963
7.99896
-5.71867
8.58641
1.85299
-1.07694
9.42897
-1.61359
-4.60513
0.335761
4.42491
3.96201
-7.19009
-8.85158
-5.17132
-7.2339
2.29392
9.39371
6.53929
-0.361081
-8.77808
2.15779
-3.46845
8.64171
6.67244
8.61285
-4.14496
5.25931
0.582432
5.66856
2.99094
-7.78733
-9.29859
4.72021
-1.87812
-1.45988
-0.628445
5.60988
-4.47365
3.984
0.46647
-5.92477
1.51996
-6.36642
-0.549182
2.48458
4.18776
2.07556
4.08278
6.96306
-2.20249
-0.501665
-3.20433
0.294748
-3.59391
0.0229816
-8.18988
-7.92028
1.16438
-2.9373
0.76743
-3.24794
-3.69809
-6.54134
-5.71082
5.83792
8.83924
-1.1878
-6.58674
-0.104789
-8.37309
-2.46555
-4.9646
-0.580067
9.31404
1.64538
-6.78328
2.92446
9.23229
2.7836
-2.36071
7.30899
1.25511
5.61253
-8.66052
-1.8954
7.21307
-3.32698
4.33789
4.34658
5.3174
-6.2666
-5.61059
-1.94724
3.04098
-2.85683
-0.542121
-2.8412
0.57335
5.38135
-1.72092
4.87922
9.12501
-2.25938
7.6452
-2.88517
-1.92083
1.49673
6.09027
-8.77266
-2.3144
0.556709
1.15748
0.171781
-0.575987
-5.0713
-3.39675
-7.98808
4.75653
7.21105
5.30427
-1.74274
-1.97186
4.62798
8.48683
7.64162
-9.42747
4.9816
-1.76435
5.79532
2.95464
-4.16633
-3.35299
-5.90669
-6.57412
2.56585
1.54937
-0.533782
-1.16701
-2.93374
6.99659
5.27371
8.3831
6.38381
6.67371
6.57698
-5.695
-6.90243
-2.91794
-4.7464
-6.40652
7.89029
8.90109
4.83602
-3.13493
7.68417
-2.60246
2.58733
6.86525
-4.70936
-3.51373
3.9285
-8.22678
-2.88183
-5.66325
7.79318
4.44638
7.11391
0.869084
-7.49848
-2.77213
6.70753
5.35271
7.96535
-6.31929
-3.10466
2.33268
0.244495
-8.6172
6.06145
1.33739
-9.19486
-1.53796
8.38046
-6.50735
-6.59225
7.08616
-0.542665
-1.95835
8.37022
2.50622
-0.045907
1.61795
7.34273
-6.41121
-3.75763
-2.75462
-1.8898
7.04004
4.83472
9.20824
4.64156
1.71474
8.97226
8.27734
-0.940145
-1.30359
-1.6428
4.71926
-2.44895
-0.696007
-2.40952
-2.73589
-3.20817
-3.89572
-3.60912
3.24996
3.75761
-7.67342
0.934295
5.02102
-7.64625
-3.79586
0.669052
8.24853
5.56707
-6.53906
-4.90136
-1.06689
3.77659
9.49811
0.992288
-3.73772
-4.44294
-5.473
-4.39169
7.85504
-5.80061
-8.27559
3.91009
-5.58874
-5.82186
-7.28939
-3.53997
-6.20443
-2.62333
1.43644
1.34114
-9.15547
-3.30542
3.22682
4.80315
0.660423
-5.83575
-9.18546
4.17282
-9.08246
-9.47175
6.3057
-5.5594
0.159111
-3.85274
1.84047
8.44971
-4.30863
5.75404
2.47427
-9.11981
-8.20562
-5.00193
-4.57411
-0.689089
-8.59496
-5.52372
-0.371456
3.0644
7.61533
-6.80937
-6.19879
-5.36193
6.12382
-1.35611
-2.68401
4.94572
-5.99537
-6.69675
-2.08509
9.10445
4.40081
2.49342
-6.16204
7.51628
-6.61708
-2.3274
7.42494
7.64311
-2.26952
-2.7825
-1.0604
-6.54746
7.83382
6.04024
2.25822
-3.98871
-0.543353
-4.31809
-7.21596
-1.65689
7.87474
9.04701
-2.1913
5.61298
-5.15889
-2.65482
6.91886
3.00217
9.45212
-4.72675
-7.45897
-7.3762
-8.42254
-4.38319
4.81705
-4.00584
-1.41621
-8.14934
-8.17243
-6.73771
2.55815
-0.641768
-8.61766
1.35677
-0.638613
2.14631
9.3884
7.26408
-6.35567
-1.50324
-4.05482
-6.55866
-8.72269
4.48762
4.44165
-5.27924
-3.77681
9.01007
-1.28953
1.5289
-5.6526
-3.02294
7.39897
-1.25899
6.32226
0.681789
4.31831
0.0632877
9.39204
-1.59477
-9.1665
-7.76605
0.210413
-4.28269
7.43806
8.29362
6.9355
5.88033
-5.72761
5.52521
-9.31475
0.139399
3.91098
9.17752
3.17304
4.58805
-4.24207
-0.830154
9.35628
-5.8304
-8.55507
-5.31548
4.36286
-6.11263
-2.45239
5.47656
-5.35009
6.05546
-5.83942
3.30537
3.34547
2.74062
2.69188
0.578637
-1.48163
-0.301943
5.85334
-2.71145
-6.66051
5.74855
-8.80321
8.95935
-6.09054
-7.309
6.35833
7.34209
-5.10182
-8.3148
5.82376
-1.02118
-2.24525
4.28824
-6.7946
-6.56015
0.435243
-5.4971
-0.00598526
-8.34069
-4.33272
-1.88336
4.66747
1.31919
4.1619
-1.81368
0.255256
5.45903
-6.19992
4.58028
4.49085
1.87657
4.41011
-2.5939
4.5556
7.88688
5.09899
-1.86903
2.12001
4.70933
-3.40691
-0.577369
8.83671
-8.60816
-6.45391
-0.123275
-9.01236
7.03068
-6.37612
1.46718
7.51016
-9.14828
-8.09159
6.6707
-1.56716
4.27568
1.87428
4.61462
5.74919
-0.761755
6.19765
-2.62079
-4.37636
7.66511
-0.817421
-3.55512
-2.21559
9.01699
-7.6183
5.83515
-7.52423
2.42499
-6.77678
-2.38383
-4.79968
-5.40168
-2.9197
4.62629
-7.01937
-0.205235
-2.53333
-7.80249
-5.40708
-1.33566
-0.333345
-4.34781
-4.50985
-0.868747
-2.15217
-0.0392551
5.72954
-5.57632
-0.255005
5.7794
-7.02047
-2.65305
-9.38743
-7.21603
9.10525
5.14017
-8.61955
-7.43192
5.43414
-1.34656
-2.73787
7.667
-8.58541
-1.40533
3.81873
1.8508
-6.78194
8.17929
8.72812
4.27615
-4.47896
6.85629
-3.0022
-3.61327
2.14826
3.50728
-3.65915
-3.75996
-5.37932
4.53504
-3.5911
8.84921
5.62899
5.06891
1.44562
-4.43826
-1.32093
-9.40765
-2.06042
0.105967
2.15101
2.62115
-5.79774
3.22576
-4.87687
-0.73838
3.07072
-8.45033
4.79575
-8.7028
2.91703
2.47445
4.63017
-7.69651
9.02724
-4.82778
2.16647
-8.03321
8.03264
-6.86594
1.06226
2.18487
-5.65559
-4.39279
-2.66189
-1.20603
-8.88824
-4.46247
0.205311
8.33989
-2.20574
3.77551
8.35407
6.85097
9.10241
7.6929
-9.47485
8.26789
5.1113
3.03678
-4.13885
-1.44894
-4.74511
0.388161
8.65335
0.837731
9.23441
6.20866
6.42139
9.0766
-9.02714
-3.18892
8.80681
-2.36962
0.684972
-7.50209
-6.48097
-7.84829
-6.787
-7.36476
-2.74734
8.66397
9.45812
6.52095
0.609168
5.30423
8.99182
-7.50078
-1.97084
-2.71064
-0.269693
5.60435
7.54007
-2.84347
8.56111
4.8038
1.6614
-0.724902
-1.44686
-0.345753
-6.71014
6.58256
9.06952
-1.09612
2.26596
4.6399
-4.01949
5.2456
-1.9997
-5.72634
2.19389
2.37519
2.54524
4.97482
-2.55366
-0.412457
3.01787
5.92502
5.75574
8.11498
0.18725
-9.36012
-2.38392
-2.16502
0.967193
-6.11584
-0.772922
-5.38919
-6.51195
-2.59039
-8.26735
-7.65078
-2.11597
-5.44031
-8.54913
7.16409
-5.9345
-0.685284
8.54512
2.05786
-4.15703
-1.97256
-1.3785
3.68005
-2.61803
-2.15746
6.49347
-0.769258
-5.74953
3.22893
3.78024
2.32712
-7.51895
-7.10773
4.02818
0.0848198
-8.01219
1.7978
-0.939531
1.69713
2.3925
2.62958
-0.756241
2.30484
8.29461
-8.44553
-4.20243
-7.03352
8.57442
7.42507
9.05027
-2.63444
5.08074
0.0278358
3.32904
4.96846
-5.95643
-7.16133
-3.31509
-1.37929
3.20813
8.54626
4.21069
-2.30447
8.5074
-8.55564
-5.46652
-4.76405
-3.60792
-9.14609
-5.47639
-4.42724
-8.75411
-1.50445
8.70969
-9.29063
8.7687
-2.96241
3.52551
4.83378
7.29187
7.67322
-8.32691
-8.90719
-4.57416
-2.57552
2.97869
-6.74374
8.53697
-6.82209
9.2219
2.83123
5.26671
-1.64923
-6.1233
3.34001
-1.82955
-4.38478
7.5401
4.87968
-7.96034
3.63495
-0.667399
-2.73813
0.750675
6.39779
-5.52562
4.50769
-0.158414
7.44412
8.19469
4.87783
6.59059
-9.30063
7.61587
-6.07384
-3.49376
9.45898
7.67181
-9.16118
-5.45324
-8.11271
6.09102
7.43884
4.91047
9.14971
-7.07733
-6.21495
8.1435
-6.12635
-1.6506
3.2577
-2.36319
-6.33484
3.0757
2.76517
-2.73363
-3.30814
-7.60867
-7.92164
4.70749
5.56859
-5.48571
3.08678
-9.24544
-5.27254
-2.65968
6.91235
-1.08533
-6.54725
-1.21057
6.95336
-4.92589
-9.23899
-4.75245
-2.1596
-6.49751
-6.07129
5.01248
3.78724
7.7251
5.86713
1.27709
5.5378
6.12233
-0.77128
-1.92265
4.43131
-8.34109
4.52306
0.2709
4.67021
-1.03725
4.75773
9.03508
-5.85024
3.24872
9.10702
6.95371
-4.53933
-3.60717
-0.681189
2.7072
-8.75911
1.91461
-2.96376
-1.69359
-4.29276
-2.17121
5.00671
-0.455435
6.15381
0.732865
8.22087
4.09056
0.801125
-3.206
2.23227
-3.51357
-6.05402
-4.97577
5.31664
-9.41153
7.07557
-7.14398
-1.50978
-8.72454
-6.93585
-1.26255
6.18895
7.89304
-4.88341
6.19806
4.09142
-9.12771
4.66013
-1.71411
1.5938
-5.03491
-5.2692
-0.231169
6.03608
-3.6467
-5.67105
-1.04161
6.06046
-6.80671
-1.30955
1.31787
0.906047
6.46717
3.65093
7.30189
5.89497
6.8156
5.72229
-3.36797
8.23277
0.858603
-6.92037
-3.33158
-4.6864
-4.33574
8.14073
-1.17836
-7.86351
9.36096
-2.2827
-8.29464
5.8817
1.11734
-0.813986
1.91183
-2.28831
-8.73563
-8.11111
-6.50107
4.63752
-9.04902
-4.9262
-0.74559
3.20119
-5.7932
-2.35016
3.66864
3.43743
-3.27595
-9.42809
-2.53897
-1.2351
-8.25242
5.59621
7.89926
0.383583
-0.247795
-5.2259
-7.2648
-2.64819
5.57285
-8.01569
4.08828
6.73264
-5.6075
5.63529
-8.68852
-4.57876
3.76798
3.45489
-3.70645
-6.21044
7.08704
-9.01239
6.22608
8.14581
8.85736
-9.23339
-3.84858
8.31652
9.16959
8.00284
-2.94174
7.08914
0.128096
-0.602428
-0.557648
-2.96263
6.7589
-3.00959
-8.52615
-2.86121
-8.56223
-2.60043
5.07694
-7.6834
-2.8159
1.77717
-0.136075
-4.84807
-0.879601
8.66383
-4.97576
9.42123
0.327435
7.86243
-6.86446
0.756444
-9.47837
6.2512
-6.84233
-7.78284
1.53725
6.84011
1.34258
1.28347
-7.88172
-4.57086
-1.67763
-7.56542
3.2228
-4.51501
6.10523
-0.187379
-1.15515
8.06148
-3.06264
2.35973
-4.61701
-0.26203
3.70873
2.97417
3.39575
4.89444
-2.51867
-8.59954
2.09648
8.97294
-0.137875
1.80163
-1.79774
7.65198
0.535147
2.12936
7.1109
3.97213
-8.64455
4.41978
4.12815
-8.78948
8.04734
4.88796
-2.21148
-3.18842
5.5749
8.59678
-0.951068
-2.04809
6.25126
8.16518
-6.6225
0.506813
1.19001
0.747953
0.564754
3.43136
5.04488
7.99266
2.93236
-1.15611
-1.13352
-1.85887
8.71984
-7.27554
-5.40593
-6.28869
-6.51485
-6.74544
5.75332
8.13639
-2.68646
5.82028
5.06957
2.95322
-0.195496
-0.482985
3.77039
5.61605
-0.788033
-5.25037
3.78663
9.24842
-4.84871
5.34063
-1.25228
-9.03237
-1.41519
2.21869
-8.52533
-3.13491
6.84497
-6.19186
0.493188
8.75155
-1.34703
7.26478
-0.420641
-7.09686
-4.29624
-2.28787
2.65572
6.21313
2.56306
9.44545
-3.89875
-4.12657
0.735173
-4.44571
-4.76548
7.20963
7.92943
4.65238
-5.14743
-3.67731
-3.17109
1.90299
-7.44291
-0.872081
-8.69053
-0.0166006
0.321116
1.24925
8.19779
-2.86656
-7.86519
-3.5484
-5.9047
5.13704
5.31012
3.65603
1.50607
1.00403
-9.36446
-3.80503
8.73705
4.24075
8.39129
7.65906
7.61718
2.67857
-8.07128
0.794506
-0.88146
-3.74966
0.73357
5.12818
6.56835
-6.00912
4.59705
6.09173
-6.4002
-6.59229
9.3259
-6.98678
8.04807
-7.97362
3.41159
8.27658
-4.08928
-6.19968
-0.831524
-4.75761
0.519123
2.60332
5.81714
5.37778
9.17041
2.08613
4.08278
7.19527
-7.3786
-2.74593
0.268785
6.01327
8.65857
-2.39522
1.8694
-4.76491
2.24282
-3.98841
0.237904
6.20352
-5.32524
-3.19016
-1.01176
1.12305
-7.3633
6.02752
3.68259
-1.63462
2.36964
-1.7712
2.50757
-5.55343
4.33476
-6.55188
-2.45623
3.99588
-6.93357
7.17673
-6.02889
0.0549021
4.83219
6.57138
9.02848
2.70645
-8.50233
-8.05699
1.83749
-3.62928
3.73487
-6.64928
0.769917
0.725027
-8.80624
2.39472
9.20021
-6.77222
-4.49262
-4.51403
5.84582
5.36686
-7.18393
-6.82004
-3.41439
3.2744
1.23208
-2.8374
8.78534
-7.26296
-5.61769
0.893105
-6.13262
2.63554
-5.47225
-3.56141
-5.36159
-5.59833
3.34468
-2.90407
-8.27961
-3.46613
-7.38511
1.6858
1.20816
4.60728
7.48551
7.026
2.23931
-9.41286
-4.88684
-5.52522
-6.05662
-3.44748
7.97136
-4.70216
-1.22136
4.90993
2.2964
6.35839
5.0176
1.13481
-6.95408
-5.97602
8.74767
7.91065
7.3752
2.19219
2.89333
2.20064
4.66877
-3.8961
-8.55628
3.4292
0.531043
-6.47796
-6.82803
2.80555
-3.62121
4.37697
-4.67172
-6.07595
4.14165
-3.36879
-3.72022
-4.77384
-0.60654
2.34389
4.99498
2.61024
-1.57643
3.17386
8.05865
-5.32089
-1.33531
-3.90958
-5.2806
-0.158682
1.55347
1.94773
-3.60247
2.61945
-5.83615
-8.38364
-3.86857
2.55631
1.26906
8.85794
0.933487
2.14021
-7.59548
1.52668
-2.14121
4.44475
-8.85228
2.45227
4.67861
-7.91432
-5.89144
-0.801596
-7.48967
6.22504
1.51015
4.38042
0.831876
9.17547
2.34081
-4.36523
-8.07454
-2.17053
-7.63756
-8.58836
-3.08192
1.69273
-6.46305
3.55739
-2.48628
4.95803
-0.368458
-6.37779
4.45669
-7.01755
-2.18809
-9.14756
8.75672
-8.26481
-1.61895
5.1032
-5.14927
1.67999
4.77122
-3.65407
7.5393
-6.13724
-8.98642
7.12454
-1.27505
0.9189
6.39717
1.84147
1.56029
2.14052
-0.364261
4.81913
-6.98578
4.13622
7.14252
-8.28496
6.31843
2.06264
8.94656
-9.04783
0.364989
5.48171
-7.57102
-4.65491
-6.54699
8.39001
9.38779
9.43719
-8.04224
1.52299
4.73582
-7.48763
-7.42925
-2.41394
1.32439
-9.12774
-4.24305
-6.60403
7.15599
-3.91713
-4.8789
6.95024
8.99467
-8.862
-7.41921
8.35907
-7.32771
-3.44791
-5.54726
-1.79061
-1.25806
-8.32102
0.953386
-4.39907
1.92391
-6.34462
7.15446
-8.39669
-3.33321
8.61514
-2.81244
-4.04432
1.54576
-1.87794
4.85695
-2.81518
2.14168
1.45628
1.44581
-4.55473
5.8009
3.05383
5.70346
3.98105
3.50201
-2.99562
-4.04476
-3.35216
4.20188
-8.72992
-6.45355
2.22689
-7.29209
-1.93768
4.63213
8.27927
-2.07263
-8.76804
-2.49441
-6.7658
-6.63722
4.27301
9.01723
8.95136
-1.04515
7.56642
4.85096
7.16906
7.48433
-8.24604
-2.99516
1.97985
1.22226
-2.02875
-4.90391
2.1497
7.78735
-3.32299
-7.72069
8.40496
-0.127829
-3.38665
8.30207
-2.86463
-1.12116
3.76748
1.87525
0.394101
-9.03863
7.68255
-9.39039
0.170786
-9.06669
-4.86084
-8.90877
-8.23499
0.738647
-3.64776
5.50116
5.36828
-8.675
-5.73939
-7.61289
-1.1602
-6.73282
-0.594301
2.98573
1.95046
-8.53967
3.78254
-0.749218
0.640974
9.25697
3.83051
2.03739
0.954905
4.16306
-8.83178
-4.10008
2.77597
2.84175
-4.19745
9.0903
8.50768
9.05075
0.398636
-8.07376
-6.09544
-2.81826
5.80846
2.89058
5.51714
0.05651
-8.87924
-8.68909
-1.40582
8.75472
4.37634
-2.94038
-0.44739
-8.27138
8.49787
2.66206
-6.63175
-5.10126
-6.68752
7.10124
-8.65544
6.20147
2.18451
-0.231065
2.48012
7.57236
6.998
-0.766922
-5.06585
-8.82452
0.36565
-5.43877
-3.5099
-9.0612
-8.7573
-8.18666
-5.06116
-7.76019
-5.06292
8.85305
4.25967
0.892937
-3.24646
-7.97885
-1.03706
4.00324
-8.60212
-5.91532
-8.7915
-9.14488
7.97166
6.13357
-7.43818
-1.00939
2.52049
7.24438
-6.60144
5.0076
1.74095
9.04606
-8.27635
-2.33413
-8.54465
-3.54752
-1.77085
-0.196016
3.28874
6.22268
-8.31883
3.29112
0.226602
0.173159
8.07458
-8.36031
7.73974
-8.91709
6.09
1.95953
-1.31812
-8.05847
-2.47238
3.64772
-7.45176
7.50841
-0.891472
4.63551
3.96761
1.43397
1.83864
-8.56023
2.52243
-8.15108
-8.13011
7.66472
5.43535
-2.56588
-3.98893
2.9574
-7.29624
9.10247
2.81415
-0.285475
-3.05917
5.49863
4.47471
-4.08963
-2.65191
8.29009
-4.00346
0.205149
-7.19148
-6.58698
7.83185
-6.54394
1.90825
4.89411
4.72374
-2.77032
8.41379
-5.86991
-9.10067
-9.08587
6.491
2.91487
-7.08764
1.48932
-0.128876
-8.51377
-3.50224
2.24356
-4.746
0.419959
2.61328
-7.60319
-3.97176
2.70204
0.221611
-0.784616
-8.6597
4.31728
4.77581
-7.84922
7.51558
-0.343475
6.97921
-4.76515
-8.62667
-4.09899
0.20486
-2.50078
8.75233
-4.18184
2.39331
0.898991
1.13332
-5.7432
2.42792
-7.31007
-6.53078
3.31758
8.04986
7.66804
-4.24967
1.10717
-3.52441
8.72694
0.211066
-8.55767
-9.14613
-0.475368
3.3655
-3.65333
9.18611
6.45535
-6.28238
-3.86905
4.71876
-8.96357
-2.2346
8.47838
2.05972
-8.21661
-5.55708
-6.46309
1.20431
-9.39452
-0.508463
6.64573
-1.24862
-7.3229
-5.33552
-6.5231
1.70306
-8.36238
-8.71247
-4.65286
8.5699
6.52004
2.03628
-8.9028
6.9171
-9.3381
-6.2021
6.33951
2.88342
0.188521
7.10771
-0.0222149
5.6207
2.57355
5.03642
-7.36132
-3.19527
-6.61947
6.28425
-3.03758
5.06647
-3.23581
7.03761
-4.66064
9.45801
-2.53108
-0.806703
-4.6235
-0.937881
-8.27777
5.87074
7.70486
-6.48036
-4.43689
3.00524
9.49395
-7.12688
-6.93813
8.89686
-2.02249
4.36848
-7.77659
-8.86183
-9.23038
-6.22486
0.76501
-3.8789
6.5498
0.448355
-8.24594
3.60176
-5.07572
8.61889
-4.75816
8.60008
5.24607
-1.70244
-5.97999
5.80157
-4.06919
5.75617
1.77429
-0.98913
7.01406
4.17927
-5.8081
2.11058
-3.74876
-7.43215
4.2086
7.50453
-1.52414
-5.13534
3.85756
6.6288
6.73538
5.81825
-8.06855
-1.64112
0.21039
5.21427
5.36157
-4.74525
2.95859
9.09735
-1.08199
6.26521
-7.48978
-8.32869
1.92535
-4.0185
-3.29679
4.40698
4.63206
-5.25463
-2.83658
-8.57485
-1.39237
1.88153
-5.15314
-3.50124
8.19341
-4.62324
8.16484
-7.17198
3.15802
3.5027
2.63252
2.21412
4.01661
-7.69167
-5.10482
7.81608
-7.04668
6.38479
4.55111
-4.0138
6.44781
5.4992
7.73697
1.76618
-2.07233
2.36524
-5.76257
-1.54236
-6.51934
2.22121
0.650675
-5.51042
6.29268
-3.75173
-3.25018
-8.23223
0.380741
5.44943
-1.32715
8.4502
-9.37886
5.71166
1.82025
7.51196
9.21598
5.1981
-5.98067
7.78754
3.01817
9.06005
4.19818
-8.29268
-6.09089
5.23638
8.81309
8.70685
-9.08902
-5.7192
3.4315
7.55545
9.06928
0.774345
-5.01486
5.48635
-5.65612
-7.94566
7.35119
-4.41578
4.86173
-5.97733
-6.30054
1.49142
-8.95728
6.28039
6.14195
-2.56289
6.7507
-5.53546
0.974923
2.48232
7.66466
8.2872
-7.53615
-3.90502
-2.75648
4.14357
-7.49068
-3.11559
-4.22638
-4.43243
2.46172
6.1342
-6.58715
-6.55486
3.71966
-8.59936
-6.08929
-8.00229
-7.37883
-2.4079
7.52746
-2.81131
-1.24731
1.59237
-3.82695
6.63852
8.55859
4.43915
-6.33743
5.52763
0.80482
7.57898
-3.23344
0.190721
5.27249
-1.2941
8.34543
-5.64763
8.82202
5.03533
-0.241771
-0.341135
-4.68574
-5.54185
-9.10528
8.36723
-1.31104
-6.35522
-0.572185
6.25909
-7.05755
8.43199
-6.88442
6.27184
-1.8829
9.31822
-9.21835
-2.01348
-7.70148
-3.0622
-2.29236
-8.33305
0.438826
-5.771
8.00036
8.13618
-1.54066
9.21672
-6.81064
6.03835
-4.79085
1.48467
-7.08409
-4.35966
6.97643
5.15875
-0.255422
-6.04489
-4.53579
6.55622
5.35556
5.94415
-1.45392
-3.55254
-8.3589
-8.59557
-5.14773
-3.09105
4.17405
-6.15941
-7.47124
4.93036
4.66798
-6.14085
-0.145361
3.83844
-7.13029
-5.06769
-3.03106
-9.02622
2.6937
6.31866
6.20054
3.74442
1.52548
-2.48731
-5.80236
9.1407
-6.83388
1.32758
4.67182
5.76291
8.12741
-9.0209
5.32436
4.60533
-5.50515
-7.3442
-9.2998
8.17507
-0.434081
-4.41979
0.717034
6.84475
-1.78107
4.34598
-4.11244
2.43844
-3.08053
8.33925
9.2877
-0.125444
-3.16494
6.12479
8.78764
-2.61715
4.39733
3.11418
-1.37897
-2.84102
-8.5245
-9.17821
3.97835
4.22972
-8.97697
5.40306
-7.74576
-7.12806
-2.75174
-5.93026
-3.97258
-7.57725
-6.41856
-0.899476
-2.11627
2.24539
7.93908
-8.03425
-2.87843
-5.26223
-8.15862
-7.62104
-6.06721
-3.62711
-5.74167
-3.53039
1.54191
7.72485
-9.20852
1.21846
4.3141
9.26061
-8.67366
9.26863
5.92637
-3.79506
-1.87809
-7.51893
8.21113
-8.74573
-0.84946
6.5779
3.43862
2.48397
0.40624
3.81461
-6.92207
6.04902
-8.79494
-5.08528
-0.256855
5.99391
-4.90867
-8.92183
6.6745
1.67541
5.12862
2.70043
-4.37732
3.22431
1.98248
-4.30423
-7.82012
7.40696
3.72019
0.794941
5.35831
-9.00612
-4.4018
9.09815
-6.50659
-4.47308
-7.20598
-8.62176
-2.82148
-6.94274
-1.57888
4.61908
-1.37792
-1.85024
1.80261
-3.79414
-6.04229
-5.74414
-5.13188
-3.17048
7.58079
-6.49395
6.39314
9.29432
-6.44114
-5.31247
3.54352
-3.48279
2.72663
-4.79865
-4.19003
-3.86777
8.71497
3.41985
9.36188
7.90094
1.37545
-0.14916
2.09155
-2.78101
6.86059
3.82834
2.09739
8.66537
6.87525
-3.54221
4.54117
4.00783
0.717248
8.96166
7.28694
0.0251627
8.10571
6.28294
7.76711
7.23122
-6.45235
1.94101
2.94377
5.08173
-5.42568
7.58393
-2.34962
-6.09025
-3.1173
2.0751
6.05163
0.313106
-8.49842
-4.5858
-0.00832081
-9.30574
-2.0384
-2.35284
3.0396
2.66623
-7.79932
2.90549
-3.20426
4.78838
0.750165
8.66686
5.22152
-9.37947
6.52429
-8.22768
-6.61006
6.89776
6.10461
4.39486
2.46492
-3.24187
-5.48335
6.47887
7.78544
-3.83149
4.03083
-4.56773
8.11313
-1.52747
-7.64797
5.42756
-0.0847931
-2.39915
6.88352
7.04572
4.0226
8.30177
-9.1326
7.73051
2.53952
-1.57406
-3.5873
-3.57548
1.17481
3.77116
-2.76681
6.42481
-3.93351
-0.806979
-2.4969
-5.32541
3.7171
-8.10791
2.5779
-6.79105
2.40338
-2.4571
6.72043
-9.26741
-7.25604
4.49762
8.19011
-5.18881
-5.76924
-2.63119
7.21984
7.53874
7.58539
-7.61545
3.86242
1.16713
5.21514
8.59753
2.67745
3.83387
-4.60144
-4.74914
6.28058
-5.78604
-8.78451
5.6928
2.37074
8.18505
-6.55852
8.31328
3.31864
-2.50052
6.24093
-8.58251
-8.34128
-7.90122
7.0258
6.39121
-7.97124
-7.32644
6.36093
0.999748
-0.200417
-3.40655
-0.95016
-4.28773
-8.18246
-1.63544
-9.45796
-1.86672
6.59811
-0.889645
-1.38858
4.86368
-6.89173
-1.63826
2.58154
4.01518
3.80272
2.52949
-4.48464
-4.77896
1.45351
-4.60862
-6.63234
-6.24329
3.58968
-1.19175
-6.99168
-4.0094
1.38573
0.731555
-9.04674
-3.99046
-2.61316
1.72451
8.85781
-3.80651
5.17358
7.77384
-0.473085
2.67658
3.89869
1.56995
3.40135
-1.72293
6.13269
0.187984
-6.4571
0.568703
-2.27756
-6.46237
-4.52877
0.829443
9.29226
0.0147047
0.133837
1.93577
-5.82389
-9.06047
-8.93373
-7.63547
-1.77477
4.28492
-1.24995
-7.30212
-2.85317
-6.94726
5.96661
3.26287
-7.51454
-5.92196
-4.03115
6.65182
-2.27758
-3.19204
7.78477
-7.36053
-3.19868
6.92332
-2.138
5.7347
6.68821
-5.20308
-3.03982
3.22865
-2.94796
-0.657537
4.14486
-2.84262
-2.84817
5.986
7.01185
-8.81919
2.28652
8.00531
-5.3554
2.03685
7.72094
7.07075
-1.50796
1.34455
-6.52191
-6.41028
-7.63696
4.39111
0.644847
-7.32923
-2.91006
5.35686
-0.923991
-0.39222
9.33225
1.56993
3.09173
0.461191
-8.58358
-2.80026
3.62663
-4.68355
2.10398
0.470243
5.7033
0.928452
3.22082
1.57626
-2.78524
-3.93933
6.87631
-5.11054
2.33759
1.69702
4.50577
7.36161
-9.21214
8.455
-1.34049
8.93761
-7.14089
3.66005
4.07503
-2.8022
7.18945
-8.78517
7.13135
-5.98335
3.26079
-0.255343
2.26411
-9.34797
9.19614
-3.25238
2.57691
9.31012
-9.21297
-0.745918
1.05063
-5.99545
-8.02821
-2.25657
1.77452
2.45105
9.49578
9.34478
-5.19732
1.88241
6.39964
-9.38764
4.6713
2.03916
-3.26974
5.94119
-4.2726
4.48123
1.8159
-4.27903
9.00018
-7.88745
-6.80002
-0.113853
-9.41075
2.11545
4.43801
-7.35738
-5.60921
-2.21484
-1.30728
-4.40525
-9.45377
-3.04694
-7.3148
-5.56079
-5.55081
-3.74491
5.64184
6.1039
-6.16677
-8.84238
5.99694
1.16272
-5.72954
-8.33233
7.53638
4.57397
-4.98067
-6.83772
3.35849
8.11876
-3.43859
1.92239
-2.90812
9.4358
-0.488987
6.69621
-1.47705
4.45417
5.12994
3.39653
0.747921
7.09635
6.21741
0.818667
0.704254
5.87721
-1.16805
0.545967
1.97401
2.1525
-4.59156
-3.91984
3.52597
-4.44001
-4.30524
4.28008
7.99909
5.75993
-2.38903
6.84539
2.85963
8.21392
5.989
-4.66939
4.74816
-9.33184
-5.30194
7.65641
-5.18354
2.03544
-5.91914
-6.08917
-0.15123
8.82531
7.90969
7.51226
-7.04419
-1.32529
-6.11
8.53228
-6.46299
8.8461
-2.55
-9.08393
5.029
-6.77731
-4.41688
-1.67854
-8.86585
9.22275
-0.528547
6.64332
-2.51097
-0.87863
4.60349
9.3795
8.849
8.36036
-5.40803
-6.17778
4.65452
4.58352
8.37484
4.43508
5.98482
-4.00755
1.61172
4.28214
-5.49247
-1.29944
-6.97102
0.716532
-2.68537
-4.8464
0.659946
-7.91831
-8.8805
-8.89687
0.471479
-2.65937
-3.38338
-7.67636
-3.18543
8.96144
-4.50859
5.20912
5.21156
-4.90282
5.00254
4.43279
9.2266
3.17968
-2.3817
0.107465
-9.48585
2.46325
-0.96311
8.6508
9.08669
-6.95131
6.82444
8.39664
-2.2283
7.96934
-6.49235
-5.39745
-5.00915
-4.63915
-2.85888
2.83371
-0.751198
0.706309
-4.65556
-7.36625
-8.09914
7.92075
1.7963
9.43851
3.69987
-3.57011
8.75107
-5.80428
-0.38515
-7.9298
-1.48606
-2.80085
-3.4685
8.98838
-0.708916
9.27525
8.49363
-7.45928
-3.6245
-8.0268
4.93132
-5.40387
-3.38354
6.15646
3.07463
8.52876
0.106669
6.42703
6.42366
9.40426
1.80753
-3.22954
5.83004
0.588846
-4.04865
8.52752
-5.35281
-5.24154
3.83063
-4.52596
8.10686
-6.71154
-2.38871
-5.12761
3.64252
1.02818
3.55895
-2.86281
0.0577784
-7.78179
2.58803
2.64932
1.34264
-7.93511
8.96972
4.34659
-8.47155
3.59655
5.89891
5.58396
9.25348
-1.45589
-1.34679
4.87443
-2.53432
3.14149
8.11579
9.11522
-6.23449
-7.51655
2.68079
4.59
5.50678
-4.80819
1.64367
2.556
-6.38925
-2.74842
2.25976
-8.76364
-4.90507
3.81339
4.60753
-6.34161
5.07387
1.12136
2.09186
4.63154
0.158184
0.253639
-8.4384
-1.20259
0.616619
4.18055
2.20456
-0.957844
-7.07702
2.51211
8.72215
-5.17024
8.16663
-3.84332
-9.34284
-2.83809
9.02905
-5.22481
7.53669
-1.11637
-2.75522
1.44583
-4.53272
-5.86233
-6.01776
-4.43462
2.70332
-4.26637
6.53019
5.17486
7.30159
2.4156
-7.96964
7.46859
-8.33047
0.0472717
-5.83729
3.60335
-8.07397
-2.39061
-9.39917
4.72027
2.16416
-3.15531
7.12906
-8.45708
-3.77694
9.49695
4.48725
-1.59498
4.28184
-0.940317
-7.80227
-4.37379
6.89398
-7.01811
2.06815
3.32563
9.03437
-6.94088
-5.84944
2.97383
-9.33722
-6.82766
3.94659
-7.17019
-6.78227
4.68306
1.72595
-1.17801
-4.09039
-7.29307
2.60231
-4.47873
5.04823
2.09797
-1.69037
-0.599088
-2.29463
-6.28601
9.49182
8.9912
-2.95658
4.37658
-2.11149
-7.43653
-4.65381
8.74211
1.03646
0.550165
3.9352
4.10675
5.40888
3.7268
-3.14484
3.64944
